Date,Open,High,Low,Close,Volume
2013-08-29,75420,75420,64322,64322,66124
2013-08-30,54736,56250,54736,54737,10162252
2013-09-02,55493,57763,54484,57512,3379432
2013-09-03,57763,58015,55493,55494,1205030
2013-09-04,54988,56754,54736,54989,643225
2013-09-05,55241,55745,53980,54989,1095134
2013-09-06,54988,55745,51961,52467,1067937
2013-09-09,52718,54484,51709,53980,913548
2013-09-10,54736,58520,54232,57764,1612532
2013-09-11,57511,58015,56502,57259,761680
2013-09-12,58520,59781,57511,58520,1450099
2013-09-13,57763,58772,57006,58016,493753
2013-09-16,58520,58772,55745,55998,594568
2013-09-17,55997,56754,54988,55241,547118
2013-09-23,55493,57511,54736,54737,867300
2013-09-24,54988,56502,54736,56250,570354
2013-09-25,56502,58772,55997,58268,983377
2013-09-26,58772,63817,58267,61547,1917596
2013-09-27,61547,61799,60033,61295,642544
2013-09-30,60790,61799,59529,59530,576467
2013-10-01,59781,61042,58267,59277,531883
2013-10-02,59529,62808,59529,62556,906392
2013-10-04,62303,63312,59781,60539,828867
2013-10-07,60286,60790,57511,57512,722793
2013-10-08,57259,57763,55745,57512,807538
2013-10-10,57006,58015,55745,56250,593355
2013-10-11,56754,57259,55745,57007,759899
2013-10-14,57006,57259,54736,54737,553860
2013-10-15,55241,56502,54988,55746,628183
2013-10-16,55241,56250,50196,50953,2793902
2013-10-17,51457,52214,50448,50449,827015
2013-10-18,50700,52466,50700,51710,724850
2013-10-21,52214,54484,51709,53728,650615
2013-10-22,53980,55997,52718,55494,869537
2013-10-23,55241,56250,54736,54989,676322
2013-10-24,55493,58015,54988,58016,967375
2013-10-25,58520,59781,58267,59530,850476
2013-10-28,59024,59276,57006,58520,591739
2013-10-29,58520,59024,56754,57007,518713
2013-10-30,57259,58267,55997,57764,571268
2013-10-31,57259,58267,56502,57259,471659
2013-11-01,57259,57259,54232,54989,1323005
2013-11-04,54988,55997,54736,54989,309794
2013-11-05,55493,55493,53980,54233,299336
2013-11-06,53980,54988,51961,52971,561317
2013-11-07,53475,54484,51961,51962,425468
2013-11-08,52214,52970,50953,51205,407392
2013-11-11,51961,54484,51457,51962,544656
2013-11-12,52466,52718,50297,50701,809350
2013-11-13,49944,50347,47169,48784,1289468
2013-11-14,49691,49842,47370,47523,640182
2013-11-15,47925,48178,45605,45959,1460233
2013-11-18,46563,47825,46160,47623,842834
2013-11-19,48027,48783,47219,47926,569010
2013-11-20,47724,48783,47017,47825,515946
2013-11-21,47976,48682,47169,47725,355576
2013-11-22,48380,51457,47925,50701,965151
2013-11-25,50953,52718,50953,51458,672231
2013-11-26,51961,52718,50700,51962,453324
2013-11-27,51709,51961,48934,49036,835580
2013-11-28,49187,49237,47522,48027,1092470
2013-11-29,47925,48632,47674,48229,518711
2013-12-02,48228,48228,46563,46564,693800
2013-12-03,46362,47320,45655,45908,587140
2013-12-04,46008,46412,44041,44193,802866
2013-12-05,44898,46059,44646,45303,622118
2013-12-06,44898,47017,44898,46766,601163
2013-12-09,47219,49237,46917,49036,775508
2013-12-10,49237,49842,47421,47422,500323
2013-12-11,47169,48682,46715,47119,354712
2013-12-12,46614,46765,45555,45908,447048
2013-12-13,45958,48027,45201,47775,461175
2013-12-16,47674,48380,45807,45908,445495
2013-12-17,46160,46715,44747,45555,574834
2013-12-18,45605,47118,45453,46312,460398
2013-12-19,46715,47017,46261,46463,233754
2013-12-20,46412,47320,45958,47321,327657
2013-12-23,47825,48178,46765,46816,387647
2013-12-24,47118,47774,46362,47623,358082
2013-12-26,47724,47875,46866,46917,198653
2013-12-27,47068,48834,46866,48683,474283
2013-12-30,48581,48682,47875,48633,283302
2014-01-02,48682,48834,47118,47270,280844
2014-01-03,47169,47169,45655,46009,631920
2014-01-06,46059,46513,45756,46261,240265
2014-01-07,45958,46008,44646,44698,749386
2014-01-08,43789,43890,40358,40510,1932818
2014-01-09,40711,41670,40409,40864,719523
2014-01-10,41014,41317,39500,40208,619553
2014-01-13,40106,41166,39955,40611,476766
2014-01-14,40207,42174,40207,41822,571305
2014-01-15,42124,42124,41216,41822,277476
2014-01-16,42074,43083,41619,42377,441592
2014-01-17,42376,42780,41216,41570,228910
2014-01-20,42023,42628,41821,42125,298776
2014-01-21,41973,41973,41014,41217,240746
2014-01-22,41216,41619,41064,41166,205139
2014-01-23,41367,42679,41317,42226,404538
2014-01-24,41973,42124,40459,41116,488795
2014-01-27,39904,40157,39551,39653,364483
2014-01-28,39500,39804,38441,38543,467233
2014-01-29,38845,39551,38542,38997,440187
2014-02-03,39097,40409,38845,39955,582761
2014-02-04,39450,41115,39349,41065,702059
2014-02-05,41367,42729,41367,42478,729913
2014-02-06,42881,43587,41922,43537,593617
2014-02-07,43638,44344,42628,44092,470605
2014-02-10,44193,44848,43688,44092,352829
2014-02-11,43839,44545,43638,43891,247415
2014-02-12,44344,44898,42830,43436,325644
2014-02-13,43133,46463,42881,45505,1007840
2014-02-14,45605,47522,45302,47321,819941
2014-02-17,47017,47522,46412,46867,413339
2014-02-18,46917,47774,46008,46766,517434
2014-02-19,46866,48027,46765,47371,571207
2014-02-20,47674,48884,47421,48683,746306
2014-02-21,48581,48934,47925,48733,336314
2014-02-24,48934,49742,46210,46564,758172
2014-02-25,46765,47270,46110,46161,501640
2014-02-26,46463,46715,45807,46161,326869
2014-02-27,46463,48178,46412,48178,727229
2014-02-28,47925,50953,47825,50095,1500301
2014-03-03,50146,52970,49792,52214,1024298
2014-03-04,51961,52466,50953,51962,613474
2014-03-05,52214,52466,48934,49288,1273126
2014-03-06,50196,50953,49036,49692,758011
2014-03-07,49439,50297,48682,49844,488132
2014-03-10,49842,51457,49842,50701,700784
2014-03-11,50700,50700,48632,48935,680097
2014-03-12,49237,49591,46765,47170,658500
2014-03-13,47169,48581,46917,48178,399697
2014-03-14,47270,49338,46816,48229,550641
2014-03-17,47976,48581,46715,46716,446300
2014-03-18,47017,47572,46715,46917,254313
2014-03-19,47472,47623,45655,45908,552800
2014-03-20,46008,46110,44747,44950,492543
2014-03-21,44949,45807,44898,45202,293415
2014-03-24,45453,47572,45302,47472,489413
2014-03-25,47623,48531,47522,48380,691605
2014-03-26,48430,48480,47674,48229,371795
2014-03-27,48430,50196,48279,48935,949631
2014-03-28,48934,49489,48178,48835,269469
2014-03-31,49237,49842,47572,48431,402682
2014-04-01,48884,49338,47925,49288,258664
2014-04-02,49742,50196,49187,49339,327034
2014-04-03,49287,49792,46816,47119,770899
2014-04-04,47017,47068,45504,45808,757398
2014-04-07,46059,46715,45100,45606,459292
2014-04-08,45050,46412,44848,46413,501325
2014-04-09,46412,46765,45807,45808,353633
2014-04-10,46261,46362,45302,45454,341199
2014-04-11,45050,45302,43688,44193,663183
2014-04-14,44142,45453,43991,45303,441274
2014-04-15,45555,45807,43890,43891,440461
2014-04-16,44193,44495,43183,43336,387971
2014-04-17,43638,44243,42931,42982,308517
2014-04-18,43133,44192,43032,44042,239114
2014-04-21,44293,44394,43133,43386,296813
2014-04-22,43991,45555,43890,44799,737662
2014-04-23,45100,45655,44394,44496,372126
2014-04-24,44949,45201,43789,44446,340765
2014-04-25,43839,44243,43284,43386,306000
2014-04-28,43234,43890,42679,43386,161472
2014-04-29,43738,44394,43335,43386,191802
2014-04-30,43890,44091,42528,42528,265575
2014-05-02,42628,42830,40661,40712,729419
2014-05-07,40409,40812,39702,40410,391003
2014-05-08,40510,40862,38794,39300,748261
2014-05-09,38694,39147,37583,37635,993010
2014-05-12,37382,37886,35566,35667,1233907
2014-05-13,35868,37079,35717,36777,797694
2014-05-14,36978,37432,36675,36979,457465
2014-05-15,36726,37130,36070,36575,566430
2014-05-16,36625,36726,35364,35415,785034
2014-05-19,35717,36474,35213,35364,546149
2014-05-20,35415,35868,33901,34053,865712
2014-05-21,34052,34658,33850,34406,392200
2014-05-22,34405,36423,34405,36323,723330
2014-05-23,36070,36726,35666,36121,480819
2014-05-26,35666,36625,35666,35970,342548
2014-05-27,35969,37230,35969,36979,671449
2014-05-28,36777,39097,36524,38997,925925
2014-05-29,38643,39198,38391,38795,571855
2014-05-30,38694,39349,37281,37433,2644310
2014-06-02,37836,38391,37028,37080,437336
2014-06-03,37937,38088,37079,37836,527711
2014-06-05,37634,37785,35919,36474,490517
2014-06-09,36373,36675,35111,36071,440599
2014-06-10,36070,37886,35969,37332,379990
2014-06-11,37382,38542,37079,37483,416696
2014-06-12,37281,37533,36877,37080,326888
2014-06-13,36726,37079,35818,36323,429373
2014-06-16,36675,38391,36322,38341,545262
2014-06-17,38340,39198,37735,38997,560130
2014-06-18,38895,39400,38340,38896,373248
2014-06-19,38895,39551,38643,38896,268539
2014-06-20,39097,39097,37583,37836,398641
2014-06-23,38189,38542,37533,37938,375725
2014-06-24,37836,38340,36877,38341,490484
2014-06-25,38088,39450,37886,39300,634314
2014-06-26,39602,40510,39400,39602,943734
2014-06-27,39753,40005,39198,39552,349235
2014-06-30,39854,40207,39450,39552,310612
2014-07-01,39551,40005,39147,39653,321898
2014-07-02,39854,41317,39551,41166,718997
2014-07-03,41468,41721,40964,41469,462515
2014-07-04,41569,41670,40409,40712,429486
2014-07-07,40611,40611,39450,39855,534166
2014-07-08,39854,40005,38643,39098,456177
2014-07-09,38492,39249,37836,38997,442570
2014-07-10,39047,39147,37785,37836,506789
2014-07-11,37987,38239,37432,37786,292981
2014-07-14,37735,37886,36777,37433,401850
2014-07-15,37533,38138,37130,37181,395643
2014-07-16,37332,37634,36675,37130,259650
2014-07-17,37382,37886,37028,37534,336096
2014-07-18,37079,37533,36978,37332,181145
2014-07-21,37735,38794,37483,38745,464018
2014-07-22,38694,39551,38290,39148,401480
2014-07-23,38643,38845,38038,38089,384294
2014-07-24,38088,38340,36726,37080,541832
2014-07-25,37180,37432,36777,36828,290470
2014-07-28,37028,37230,36171,36575,307850
2014-07-29,36575,36726,35061,35415,648021
2014-07-30,35415,35465,34506,34860,542078
2014-07-31,34910,36221,34658,35970,473561
2014-08-01,35465,36221,35364,35919,261385
2014-08-04,35818,36524,35818,36474,260133
2014-08-05,36373,36474,35061,35264,356071
2014-08-06,35415,36675,35364,35919,456031
2014-08-07,34910,37230,34456,36323,1212747
2014-08-08,36423,36928,34304,34507,1479894
2014-08-11,34658,34809,31782,31884,1736865
2014-08-12,31883,32741,31732,32136,769356
2014-08-13,31984,35061,31984,35062,1360825
2014-08-14,34960,35717,34103,34507,714347
2014-08-18,34506,36020,34456,35919,735578
2014-08-19,36322,38895,36020,38795,1675940
2014-08-20,39198,40106,37886,38190,1686221
2014-08-21,38189,38340,36928,37080,798580
2014-08-22,37180,37886,36322,37080,586936
2014-08-25,37281,38189,36877,37383,468415
2014-08-26,37432,37685,36524,36878,485441
2014-08-27,37079,37079,34607,35314,1037849
2014-08-28,35566,35868,34556,35112,554318
2014-08-29,35061,36524,34809,36525,560056
2014-09-01,37735,38542,37230,37585,850294
2014-09-02,37785,37987,36777,37433,387817
2014-09-03,37685,37785,36625,36727,445346
2014-09-04,36827,42225,36675,42024,4736894
2014-09-05,42931,44041,40964,41620,2660975
2014-09-11,41771,41821,39702,39703,1159476
2014-09-12,39955,40711,39198,39653,984467
2014-09-15,39147,39804,37382,37433,1137056
2014-09-16,37332,38189,36877,37585,838680
2014-09-17,37886,39097,37685,38291,1013825
2014-09-18,38845,40257,38542,39955,1386850
2014-09-19,40459,41367,39147,41065,1266334
2014-09-22,41721,43738,41064,43083,2120893
2014-09-23,42528,44193,42074,43941,1428962
2014-09-24,43335,43688,41922,42276,1279554
2014-09-25,41519,41670,37886,38291,3375927
2014-09-26,38845,40157,38592,39955,1530718
2014-09-29,40106,40358,37836,38341,877217
2014-09-30,40207,42881,39955,41620,6324400
2014-10-01,41872,44545,40913,44143,2812586
2014-10-02,43839,45807,43436,44748,2278364
2014-10-06,45050,45353,42326,43436,1568862
2014-10-07,43890,44949,42881,43638,774222
2014-10-08,43133,43991,43032,43234,549313
2014-10-10,42528,42528,40005,40107,1197395
2014-10-13,39753,41064,39147,40006,762457
2014-10-14,39804,41115,39652,40510,505497
2014-10-15,40257,40812,39400,39955,514259
2014-10-16,39400,40964,38945,40157,740677
2014-10-17,40207,40358,37886,37988,880964
2014-10-20,38492,38694,36877,36878,1057466
2014-10-21,37180,38189,36877,36928,752743
2014-10-22,37583,37583,35818,36121,1037318
2014-10-23,36575,38088,36070,37080,884770
2014-10-24,37332,37785,35415,35617,819134
2014-10-27,36020,36272,34809,35970,795535
2014-10-28,36575,37886,36373,36928,885768
2014-10-29,39147,40661,38542,38694,1746046
2014-10-30,39349,39652,37987,39451,663033
2014-10-31,39198,42376,38694,41872,1219686
2014-11-03,42477,42578,40005,41015,942093
2014-11-04,40913,41216,38492,38593,717286
2014-11-05,38592,39955,37836,38190,669068
2014-11-06,39249,40964,38189,39098,1385894
2014-11-07,38391,38542,33245,33246,2320528
2014-11-10,34658,35616,33800,34810,1646678
2014-11-11,35313,36221,34607,36121,879479
2014-11-12,35616,35969,35111,35314,685137
2014-11-13,35313,36423,31933,34305,1314369
2014-11-14,34405,34607,33346,33347,603918
2014-11-17,33850,34708,33548,34002,593251
2014-11-18,34052,34708,33296,33549,655384
2014-11-19,34002,37230,33649,36777,1861893
2014-11-20,36625,37079,35566,36878,1026811
2014-11-21,37079,38189,36524,37786,1169947
2014-11-24,37432,38996,36777,38341,962682
2014-11-25,39047,39804,38441,39198,1001044
2014-11-26,39450,39500,37382,37786,803746
2014-11-27,37785,38088,36221,36727,711534
2014-11-28,36575,37785,36322,37130,449901
2014-12-01,36928,37533,36020,36828,518630
2014-12-02,36777,39249,36777,38997,1087299
2014-12-03,39249,40005,38592,39602,751484
2014-12-04,39804,40560,39299,39855,820440
2014-12-05,40106,40358,39299,40057,479427
2014-12-08,40358,41317,39652,40057,718794
2014-12-09,40964,42023,40611,40712,1316255
2014-12-10,41115,42124,40964,41872,1022829
2014-12-11,41872,42225,40913,41015,548569
2014-12-12,40711,42376,39602,42327,805237
2014-12-15,43183,46463,42679,45152,2579805
2014-12-16,45807,46311,44091,46211,1629028
2014-12-17,46563,46614,44697,45505,1107789
2014-12-18,46008,46059,43083,44446,1568699
2014-12-19,44898,46160,44495,44899,825796
2014-12-22,44495,44798,43183,43184,857260
2014-12-23,43436,44041,42376,43638,942929
2014-12-24,44243,44495,43032,43134,463653
2014-12-26,43385,45000,43183,44042,631316
2014-12-29,44193,45252,43940,44294,532450
2014-12-30,44596,44898,43536,44143,361397
2015-01-02,44192,46866,43991,46867,1132540
2015-01-05,47219,48077,46816,47623,870494
2015-01-06,46664,47320,45807,46110,789084
2015-01-07,46412,47674,45857,46110,853369
2015-01-08,42881,44646,42628,43840,3369269
2015-01-09,42729,42780,40358,42226,2722077
2015-01-12,42225,42931,41014,42024,1282232
2015-01-13,42326,42628,40409,40561,1231125
2015-01-14,40611,41519,40207,41267,825111
2015-01-15,41115,42326,40812,42276,619656
2015-01-16,41973,42174,41367,41620,405450
2015-01-19,42225,42225,40711,40712,447771
2015-01-20,40005,40056,37886,38038,1436224
2015-01-21,38038,38794,37432,38341,768066
2015-01-22,38189,38542,36675,36676,715616
2015-01-23,37281,38592,36777,38291,683095
2015-01-26,38290,38996,37836,38644,412033
2015-01-27,39047,39602,38239,38845,487505
2015-01-28,38592,39753,38542,39753,444803
2015-01-29,39753,39804,39047,39148,276539
2015-01-30,39249,39450,37583,37585,476939
2015-02-02,37332,38441,36877,36979,419100
2015-02-03,37382,37583,36827,37383,297632
2015-02-04,39047,39602,38088,38089,596723
2015-02-05,37130,37332,35465,35819,1587008
2015-02-06,36020,37230,35919,36828,825938
2015-02-09,37192,37505,35367,35784,575066
2015-02-10,35680,36879,35471,36410,458518
2015-02-11,36514,38966,36045,38601,883194
2015-02-12,38236,38444,37140,37558,557217
2015-02-13,37818,37870,36514,37141,334017
2015-02-16,37453,38131,37036,37349,271578
2015-02-17,37297,38079,36775,37975,285808
2015-02-23,38183,38288,37505,37819,203475
2015-02-24,37662,38079,36879,37088,364115
2015-02-25,37192,37192,36097,36410,588846
2015-02-26,36566,36618,35992,36254,276826
2015-02-27,36358,37349,36253,37141,591873
2015-03-02,37244,37505,36462,36619,433893
2015-03-03,36723,37036,36462,36828,341964
2015-03-04,36775,37923,36618,37506,548059
2015-03-05,37349,38079,37244,37349,498457
2015-03-06,37505,37662,36671,36775,538621
2015-03-09,36358,36984,36097,36567,524071
2015-03-10,36671,37140,36253,36358,476919
2015-03-11,36045,36253,34845,35054,728838
2015-03-12,35054,35471,34741,35002,464217
2015-03-13,35314,36305,35262,35628,485584
2015-03-16,35680,36723,35680,36358,685785
2015-03-17,36201,36827,35940,36567,555574
2015-03-18,37244,39227,36931,38445,1923625
2015-03-19,38496,39227,37192,39123,1038618
2015-03-20,39122,39383,37975,38497,652961
2015-03-23,38288,38809,37557,37558,479308
2015-03-24,37557,38861,37557,38653,566781
2015-03-25,38757,38914,38131,38445,374540
2015-03-26,38079,38444,36984,37193,521569
2015-03-27,37297,37401,35940,36045,654364
2015-03-30,36097,37349,35732,37349,496918
2015-03-31,37349,37662,36827,37245,268253
2015-04-01,37036,37244,36253,36619,414106
2015-04-02,36618,41261,36253,39697,1143768
2015-04-03,39487,40948,39122,39644,922438
2015-04-06,39487,39592,38288,38810,456305
2015-04-07,38601,39383,38027,38810,748336
2015-04-08,38549,40426,38444,39540,852684
2015-04-09,39957,39957,38914,38914,417223
2015-04-10,38809,38914,37349,37454,1114732
2015-04-13,37557,37766,36618,36880,804336
2015-04-14,36775,37453,36358,36567,981732
2015-04-15,36618,36984,36410,36567,669354
2015-04-16,36671,36879,36045,36149,806438
2015-04-17,36514,37297,36253,36515,937222
2015-04-20,36358,36931,36253,36410,617502
2015-04-21,36618,36723,36045,36306,877634
2015-04-22,36358,36410,34010,35263,1503113
2015-04-23,35471,35784,34219,34480,1051359
2015-04-24,34480,34845,33906,34115,614463
2015-04-27,34219,35054,34167,34741,500629
2015-04-28,34636,35158,34584,35054,382055
2015-04-29,35001,35106,33958,33959,598408
2015-04-30,34062,34115,32602,33020,943241
2015-05-04,32967,33802,32706,33646,359759
2015-05-06,33645,33854,32967,33020,295385
2015-05-07,32863,34584,32863,34011,565061
2015-05-08,33071,34219,32341,32342,1234099
2015-05-11,31298,31506,29107,29420,3606024
2015-05-12,29055,29941,29003,29577,1243770
2015-05-13,29681,29837,29107,29107,903332
2015-05-14,28950,30150,28950,29264,872593
2015-05-15,29420,29576,28794,28899,753301
2015-05-18,28898,29107,26864,26916,1708035
2015-05-19,27229,28690,27072,28429,1487420
2015-05-20,29055,31141,29003,30411,1796875
2015-05-21,30411,30567,29785,30307,647308
2015-05-22,30567,30567,28950,29107,810243
2015-05-26,29472,30098,29211,29473,597267
2015-05-27,29316,30202,28950,30046,649468
2015-05-28,30359,30567,29159,29264,666988
2015-05-29,29211,29889,29107,29160,382300
2015-06-01,28950,30150,28011,29629,541353
2015-06-02,29629,30046,28481,28586,526237
2015-06-03,28324,29107,27959,28273,392503
2015-06-04,28272,28742,27698,27803,400412
2015-06-05,27490,28168,27438,27647,392938
2015-06-08,27646,29994,27646,29629,682024
2015-06-09,29420,29785,29003,29473,357714
2015-06-10,29785,29837,29003,29368,482061
2015-06-11,29941,30672,29524,29785,704407
2015-06-12,30046,30828,29263,29733,574516
2015-06-15,29576,29837,28116,28325,506582
2015-06-16,27803,28377,27385,27855,412158
2015-06-17,28116,28950,27907,28116,366032
2015-06-18,28011,28742,27959,28325,340501
2015-06-19,28690,30776,28324,30098,822610
2015-06-22,30359,30985,29785,30046,389468
2015-06-23,30359,31246,29994,30411,634381
2015-06-24,30567,30672,29629,30255,579397
2015-06-25,29994,30620,29733,29785,437931
2015-06-26,29785,30463,29472,29733,358540
2015-06-29,29211,31454,29003,30464,974784
2015-06-30,30463,31506,29733,31090,846092
2015-07-01,31454,33541,31298,33385,1942175
2015-07-02,34062,34428,33228,33698,1162599
2015-07-03,34010,34062,32758,33280,697818
2015-07-06,32498,32654,31819,32237,644820
2015-07-07,32602,33802,31611,33385,1136607
2015-07-08,33749,34688,32706,32967,998406
2015-07-09,32393,32550,31193,32446,690451
2015-07-10,32028,32445,31611,32029,532481
2015-07-13,32445,33332,32445,32915,574650
2015-07-14,33019,33384,32132,32185,554441
2015-07-15,31872,32967,31715,32498,525906
2015-07-16,32758,33280,32498,32811,523914
2015-07-17,33906,35210,33384,34689,2252269
2015-07-20,35210,35523,34219,34637,913082
2015-07-21,34949,35054,33280,33280,814838
2015-07-22,32967,34219,32863,33228,539031
2015-07-23,33541,33697,32654,33124,359403
2015-07-24,33071,33071,31246,31507,978402
2015-07-27,31298,31924,30411,30933,459915
2015-07-28,30254,30828,29420,29942,762457
2015-07-29,30202,30515,29472,29473,426848
2015-07-30,29524,30515,29316,29368,478081
2015-07-31,29316,29994,28533,29629,406909
2015-08-03,29733,30411,29576,29629,350770
2015-08-04,29263,29576,28481,28638,507703
2015-08-05,28637,29889,28272,29733,626215
2015-08-06,29472,30620,29472,30046,692882
2015-08-07,29263,30046,28794,29994,864802
2015-08-10,29837,30202,29472,29473,291601
2015-08-11,29733,30046,28324,28325,507550
2015-08-12,28168,29994,27542,29733,788521
2015-08-13,29263,30672,29263,29942,564461
2015-08-17,29733,30411,29472,29629,201119
2015-08-18,29576,30098,28324,28481,461443
2015-08-19,27907,28429,27072,27647,572798
2015-08-20,27438,28481,27385,27542,397381
2015-08-21,26081,27438,26081,26812,705674
2015-08-24,26655,27333,25638,26082,446467
2015-08-25,26238,27751,26003,26864,525668
2015-08-26,26916,27490,26655,27177,364719
2015-08-27,27542,28324,27177,28168,402425
2015-08-28,28533,29159,28272,28899,352895
2015-08-31,29107,29837,28690,29681,250091
2015-09-01,29629,29733,28324,28325,242458
2015-09-02,27803,28324,27438,28168,262443
2015-09-03,28794,29576,28377,29212,444962
2015-09-04,29524,30046,28794,29160,342845
2015-09-07,29420,29785,28846,29160,278391
2015-09-08,29159,29524,27959,28690,333615
2015-09-09,29263,29889,29055,29890,358799
2015-09-10,29629,31611,29576,31350,936612
2015-09-11,31611,33541,31298,33176,1730156
2015-09-14,33541,33645,32602,33333,728567
2015-09-15,33384,34167,32810,33906,555773
2015-09-16,34167,34271,33541,33698,598862
2015-09-17,34062,34323,32289,32811,812551
2015-09-18,32967,33854,32498,33489,563702
2015-09-21,33854,34949,33645,33750,947844
2015-09-22,34219,34741,33749,34219,547675
2015-09-23,33854,34062,32967,33072,397475
2015-09-24,33697,33906,32237,32602,484400
2015-09-25,32602,33019,32185,32602,272202
2015-09-30,32341,33854,31872,33646,619616
2015-10-01,33489,34219,33176,33333,376121
2015-10-02,33489,33645,32341,32759,397134
2015-10-05,32863,33280,32341,32342,311316
2015-10-06,32602,33332,32289,33333,425328
2015-10-07,33541,33541,32810,33228,306276
2015-10-08,33280,33541,32915,33228,329100
2015-10-12,33228,33228,30933,30933,956933
2015-10-13,30933,31924,30828,31194,703374
2015-10-14,31089,31298,29941,30411,626395
2015-10-15,30150,30724,29837,30411,367387
2015-10-16,30411,30880,29889,29890,380341
2015-10-19,30150,30620,30046,30255,212230
2015-10-20,30202,30411,29629,29838,215951
2015-10-21,29837,30098,28950,29107,446828
2015-10-22,29211,29316,28064,28064,514265
2015-10-23,28377,29263,28011,29264,393367
2015-10-26,29472,29733,29211,29264,265993
2015-10-27,29263,29316,27646,28116,747456
2015-10-28,28168,28846,27803,28481,562488
2015-10-29,29003,30098,28742,29733,717069
2015-10-30,29472,29629,28898,29003,258730
2015-11-02,28794,29211,28272,28534,211496
2015-11-03,28690,29316,28429,29264,260888
2015-11-04,29368,30359,28898,30359,543015
2015-11-05,30150,30724,29994,30464,326211
2015-11-06,30202,30828,29889,30464,299704
2015-11-09,30359,30567,29211,29316,259404
2015-11-10,28898,29159,27907,28064,372366
2015-11-11,28064,28585,27855,28012,291160
2015-11-12,28481,28585,28011,28325,229901
2015-11-13,27907,28377,27229,28168,350703
2015-11-16,27646,28220,27333,27855,162887
2015-11-17,28011,28324,27594,27855,244402
2015-11-18,27855,28220,27490,27699,183990
2015-11-19,27907,28168,27438,27960,296231
2015-11-20,27959,28220,27438,28168,325790
2015-11-23,28220,29889,28220,29629,523365
2015-11-24,29889,30150,29316,29577,239176
2015-11-25,29629,30202,29316,30098,356520
2015-11-26,30098,30515,29785,30464,267937
2015-11-27,30515,31037,30411,30620,325991
2015-11-30,29681,30724,29211,30151,316898
2015-12-01,30202,31454,30202,31246,392023
2015-12-02,31454,31611,30515,31037,324942
2015-12-03,30828,31298,30567,30724,190999
2015-12-04,30515,30880,29785,29994,224622
2015-12-07,30098,30880,29733,30620,276972
2015-12-08,30567,31193,30463,30933,277342
2015-12-09,30933,30933,30098,30307,218048
2015-12-10,30046,30411,29420,29942,169790
2015-12-11,29941,30254,29889,29994,152027
2015-12-14,29576,29681,28377,28586,427901
2015-12-15,28429,29003,28324,28899,119163
2015-12-16,28898,29211,28898,29055,128024
2015-12-17,29263,29316,28846,28847,227695
2015-12-18,28846,29629,28690,29264,153865
2015-12-21,29107,29368,28429,28847,258383
2015-12-22,28585,28846,28533,28690,122257
2015-12-23,28690,28794,28324,28325,196031
2015-12-24,28377,28637,28377,28377,96864
2015-12-28,28377,28585,27907,28168,199608
2015-12-29,28272,28742,28220,28690,208871
2015-12-30,28846,29994,28690,29681,316990
2016-01-04,29785,29889,29263,29420,158907
2016-01-05,29211,29941,28794,29733,253989
2016-01-06,29733,29837,28481,28690,409196
2016-01-07,28481,28846,27438,27699,298968
2016-01-08,27333,27542,26864,27177,412994
2016-01-11,26968,27751,26864,27125,315056
2016-01-12,27177,28064,27177,27960,219789
2016-01-13,28168,28220,27646,27855,168123
2016-01-14,27490,27751,26968,27438,233626
2016-01-15,27646,27751,26760,26760,246211
2016-01-18,26081,26499,26055,26238,218069
2016-01-19,25821,26342,25560,25691,345796
2016-01-20,25821,26003,24256,24726,599472
2016-01-21,24569,25038,24177,24204,382979
2016-01-22,24230,24986,24203,24700,314887
2016-01-25,24908,25195,24569,25013,198881
2016-01-26,24960,25847,24595,25378,201140
2016-01-27,25481,25768,24829,24882,306297
2016-01-28,24829,25142,24803,24960,155692
2016-01-29,25169,25195,24621,24934,140458
2016-02-01,25247,25612,24986,25612,189292
2016-02-02,25638,25638,25169,25247,168159
2016-02-03,25116,25116,24543,24543,194468
2016-02-04,24673,24751,24516,24621,191604
2016-02-05,24699,25273,24516,25169,209776
2016-02-11,24621,24882,24490,24517,190914
2016-02-12,24203,24360,23160,23578,407206
2016-02-15,23578,25142,23473,25143,387783
2016-02-16,25142,26055,24908,25821,395073
2016-02-17,26603,27020,25977,26499,597655
2016-02-18,26447,26655,25794,25925,436410
2016-02-19,26055,26812,25925,26760,290196
2016-02-22,26760,26968,26394,26447,182993
2016-02-23,26551,27333,26394,27125,268869
2016-02-24,26916,27125,26603,26604,124550
2016-02-25,27281,28272,27125,28168,482947
2016-02-26,28168,28220,27542,27647,193746
2016-02-29,28168,28690,27907,28429,296911
2016-03-02,28429,29420,28324,29107,442064
2016-03-03,28794,29420,28585,29264,179009
2016-03-04,29368,29733,28794,29525,215274
2016-03-07,29472,29785,29159,29785,177850
2016-03-08,29733,29785,29211,29473,189327
2016-03-09,30515,30672,29420,29733,345278
2016-03-10,29472,30150,29316,29994,267707
2016-03-11,30046,30046,29629,29994,156647
2016-03-14,29733,30046,28794,28794,311826
2016-03-15,28794,29263,28794,29055,110719
2016-03-16,28846,29107,28377,28899,159950
2016-03-17,29107,29107,28533,28899,108815
2016-03-18,29107,29107,28377,28638,151400
2016-03-21,28585,29211,28168,28638,195045
2016-03-22,28637,29055,28585,28899,99274
2016-03-23,28794,29107,28637,28847,138228
2016-03-24,28846,28846,28377,28534,94460
2016-03-25,28429,28742,28272,28429,90153
2016-03-28,28794,29263,27751,27855,223559
2016-03-29,28011,28377,27751,28064,168013
2016-03-30,28220,28637,27959,28377,110529
2016-03-31,28272,28690,28220,28690,122865
2016-04-01,28690,28846,28377,28586,155480
2016-04-04,28637,28794,28429,28586,89231
2016-04-05,28585,29159,28481,29003,138957
2016-04-06,29055,29472,29003,29368,187678
2016-04-07,29368,29994,29211,29942,237794
2016-04-08,29889,29994,29576,29994,125794
2016-04-11,30150,30202,29420,29733,112273
2016-04-12,29629,29681,28950,29107,169428
2016-04-14,29211,29420,28637,28794,427117
2016-04-15,28794,29681,28481,29577,134214
2016-04-18,29576,29941,29368,29681,121375
2016-04-19,29733,30880,29576,30620,371346
2016-04-20,30828,30828,30307,30672,182704
2016-04-21,30724,30776,30411,30777,112051
2016-04-22,30724,30776,30098,30359,149274
2016-04-25,30307,30985,29994,30724,228996
2016-04-26,30933,30933,30515,30672,99753
2016-04-27,30411,31141,30307,31037,163389
2016-04-28,31037,31715,30828,31507,447246
2016-04-29,31402,31611,31037,31559,162876
2016-05-02,31559,31559,30724,30724,141246
2016-05-03,30724,31141,30567,31142,116079
2016-05-04,31037,31872,30776,31768,310081
2016-05-09,31767,31767,30985,31559,165885
2016-05-10,31298,31819,31298,31663,143581
2016-05-11,31819,31819,31506,31663,79774
2016-05-12,31611,32185,31037,31976,252844
2016-05-13,32341,32550,31767,31768,353792
2016-05-16,32132,32550,31350,31976,400943
2016-05-17,31976,32237,31611,31924,121751
2016-05-18,32028,32967,31872,32863,551665
2016-05-19,32863,33019,32393,32863,191405
2016-05-20,32863,32863,32289,32550,138272
2016-05-23,32550,32706,32080,32133,224769
2016-05-24,32028,32498,32028,32081,167708
2016-05-25,32393,32498,31506,31924,288896
2016-05-26,31924,32185,31506,31924,191861
2016-05-27,31715,31715,31037,31037,263756
2016-05-30,30933,31298,30880,31246,166855
2016-05-31,31246,32498,31089,32394,313750
2016-06-01,32237,33071,31819,32915,238545
2016-06-02,32863,33071,32654,32863,96048
2016-06-03,32758,32967,32341,32602,88479
2016-06-07,32602,32602,31872,32342,139545
2016-06-08,32132,32445,31924,32446,129780
2016-06-09,32341,32445,31298,32237,147528
2016-06-10,31924,34010,31924,33750,551477
2016-06-13,33749,33749,32810,32811,283561
2016-06-14,32654,34271,32602,34011,449224
2016-06-15,34062,34062,33384,33437,139699
2016-06-16,33854,34167,32810,33228,219196
2016-06-17,33541,33802,33123,33124,193631
2016-06-20,33280,33749,33228,33646,160857
2016-06-21,33645,33854,33176,33750,133783
2016-06-22,33645,34062,33541,33906,101630
2016-06-23,33697,33854,33384,33750,86995
2016-06-24,33958,33958,31141,32289,458995
2016-06-27,31141,32915,31141,32550,323483
2016-06-28,32289,32654,32132,32498,237280
2016-06-29,32863,33384,32602,33385,242922
2016-06-30,33436,34115,33384,33646,281399
2016-07-01,33645,34480,33593,34324,345472
2016-07-04,34167,34375,33802,34063,150260
2016-07-05,34271,34688,34219,34637,213307
2016-07-06,34480,34688,34219,34480,186432
2016-07-07,34741,35001,34375,34898,173548
2016-07-08,34845,34949,34167,34950,172367
2016-07-11,35106,35106,34636,34741,141021
2016-07-12,34793,34793,34010,34115,260066
2016-07-13,34323,35210,34323,35054,302967
2016-07-14,34897,35001,34688,34898,131308
2016-07-15,34949,35888,34793,35889,411115
2016-07-18,36149,36201,35419,35993,249060
2016-07-19,36097,36097,35680,35680,134992
2016-07-20,35784,35784,35001,35263,185086
2016-07-21,35523,35784,35262,35576,172396
2016-07-22,35367,36149,35262,36097,232984
2016-07-25,36149,36253,35106,35471,186246
2016-07-26,35262,35262,32915,33072,898967
2016-07-27,32967,34584,32498,34167,525305
2016-07-28,34428,34584,33541,33854,143596
2016-07-29,33854,34584,33697,34376,189960
2016-08-01,34375,34897,33958,34741,136079
2016-08-02,34584,34845,33019,34011,300256
2016-08-03,33697,33802,33176,33176,135617
2016-08-04,33384,33593,32810,32811,126528
2016-08-05,33019,33071,32080,32602,257574
2016-08-08,32602,32863,32289,32602,102496
2016-08-09,32550,33802,32393,33802,191043
2016-08-10,33541,33697,32758,32967,181597
2016-08-11,32915,33749,32550,33437,156271
2016-08-12,33854,33906,32654,32863,277720
2016-08-16,32810,33123,32654,33124,186208
2016-08-17,32810,33176,32654,32967,106327
2016-08-18,32863,34219,32706,34167,306054
2016-08-19,34010,34062,33228,33437,148822
2016-08-22,33280,33436,32758,33333,115113
2016-08-23,33019,33541,33019,33176,106409
2016-08-24,33332,33384,32550,32707,135148
2016-08-25,32602,33071,32132,32185,146623
2016-08-26,32080,32498,31872,32133,109806
2016-08-29,32028,32341,31141,31194,163744
2016-08-30,31246,31715,30463,30829,265876
2016-08-31,30620,30985,30307,30568,132504
2016-09-01,30776,31141,30098,30672,185625
2016-09-02,30724,31715,30620,31403,131954
2016-09-05,31246,31506,31089,31090,123371
2016-09-06,31089,31350,30776,31090,94646
2016-09-07,30933,31141,30567,30620,110977
2016-09-08,30620,30880,30046,30829,137582
2016-09-09,30776,31193,30307,30724,80625
2016-09-12,30254,30515,29994,29994,107341
2016-09-13,30150,30411,29889,29942,117263
2016-09-19,29941,30359,29733,29942,97660
2016-09-20,29837,30046,28846,29942,340681
2016-09-21,29941,30307,29524,30255,78186
2016-09-22,30307,30880,30098,30829,140375
2016-09-23,30672,30724,30254,30620,131160
2016-09-26,30620,31402,30411,31142,187341
2016-09-27,30880,31141,30672,30724,130249
2016-09-28,30776,31037,30463,30568,92683
2016-09-29,30359,31715,30359,31507,188238
2016-09-30,31454,31559,31037,31142,89796
2016-10-04,31350,31402,30828,30933,87480
2016-10-05,30880,31193,30620,30933,134641
2016-10-06,30880,30880,30150,30411,222576
2016-10-07,30411,30515,29837,29994,133848
2016-10-10,29941,30776,29733,29994,71130
2016-10-11,30098,30515,30098,30255,465093
2016-10-12,30046,30724,29941,30203,74707
2016-10-13,30254,30515,29941,30411,65032
2016-10-14,30150,30620,29941,30203,113245
2016-10-17,30046,30411,28742,28742,285405
2016-10-18,28690,28742,27803,27960,229075
2016-10-19,28324,28324,27646,27699,163062
2016-10-20,27855,28429,27855,27908,97667
2016-10-21,27959,28168,27333,27803,184101
2016-10-24,27907,28064,27490,27595,86359
2016-10-25,27751,27907,27020,27073,137783
2016-10-26,26864,27177,26342,26656,150524
2016-10-27,26499,27698,26499,27595,117342
2016-10-28,27438,27594,27020,27229,85046
2016-10-31,27229,27229,26081,26186,141618
2016-11-01,26003,26342,25768,25978,175511
2016-11-02,25847,26134,25247,25247,195994
2016-11-03,25142,26342,25142,25430,146533
2016-11-04,25273,25560,25116,25325,83386
2016-11-07,25508,26081,25403,26030,99349
2016-11-08,26029,26055,25612,25743,72928
2016-11-09,25977,26968,25195,25378,305735
2016-11-10,25586,26342,25273,25404,200563
2016-11-11,25560,25586,24490,24830,260374
2016-11-14,24829,25038,24490,24700,158566
2016-11-15,24621,24829,24073,24178,192613
2016-11-16,24203,25142,24203,25143,157136
2016-11-17,25116,25142,24751,24960,108612
2016-11-18,25142,25142,24751,25039,67386
2016-11-21,25064,25247,24725,24804,118015
2016-11-22,24751,25195,23943,24308,281331
2016-11-23,24386,24882,24151,24543,112762
2016-11-24,24438,24777,24412,24465,108115
2016-11-25,24360,25169,24360,25117,101344
2016-11-28,25195,25195,24595,24752,110228
2016-11-29,24882,25038,24360,24517,115506
2016-11-30,24516,24777,24282,24387,129479
2016-12-01,24516,24516,23995,24047,115187
2016-12-02,24047,24725,23786,24726,168519
2016-12-05,24621,24621,23786,23891,180403
2016-12-06,23943,24125,23812,23813,79344
2016-12-07,23812,24073,23265,23369,206024
2016-12-08,23369,24203,23369,23917,167325
2016-12-09,23890,24543,23812,24413,214131
2016-12-12,24360,24803,24125,24413,149834
2016-12-13,24360,25012,24334,24908,170992
2016-12-14,25038,25195,24777,24934,86698
2016-12-15,24934,25064,24856,24986,82392
2016-12-16,25064,25195,24960,25013,74600
2016-12-19,25064,25664,24673,25378,137335
2016-12-20,25560,25690,25403,25638,129247
2016-12-21,25560,25638,25351,25612,179882
2016-12-22,25612,25612,24829,24882,113163
2016-12-23,24829,25794,24725,25795,112720
2016-12-26,25821,25847,25455,25586,79275
2016-12-27,25508,25560,25012,25143,144884
2016-12-28,25247,26447,25221,26343,159734
2016-12-29,26342,26394,26029,26238,51722
2017-01-02,26134,26499,26134,26395,58372
2017-01-03,26394,26447,26134,26395,63084
2017-01-04,26447,27177,26394,26812,123003
2017-01-05,26759,26812,26290,26395,98016
2017-01-06,26707,26968,26394,26656,62428
2017-01-09,26394,26603,26029,26186,146176
2017-01-10,26186,26290,25794,26030,172020
2017-01-11,26003,26290,25768,25925,126603
2017-01-12,26134,26655,25925,26604,95154
2017-01-13,26603,26760,26342,26604,81683
2017-01-16,26655,26707,26186,26395,135270
2017-01-17,26186,26394,26003,26238,139208
2017-01-18,26134,26394,26029,26343,90843
2017-01-19,26238,26812,26238,26238,92549
2017-01-20,26134,26342,25742,25795,155322
2017-01-23,25847,26186,25794,26082,81482
2017-01-24,25951,26290,25873,25978,95492
2017-01-25,26029,26447,26003,26186,70426
2017-01-26,26342,26394,26081,26238,73578
2017-01-31,26238,27907,26238,27647,323779
2017-02-01,27385,28429,27385,28273,173939
2017-02-02,28220,28429,27803,27960,144547
2017-02-03,28011,28377,27803,28064,76854
2017-02-06,28116,29263,28116,29107,177512
2017-02-07,29107,29263,28742,29212,98099
2017-02-08,29316,30046,29263,29994,237694
2017-02-09,30150,31037,29941,30881,260022
2017-02-10,30880,32185,29576,29994,566206
2017-02-13,30150,30307,28481,28794,478169
2017-02-14,28846,28898,27698,28168,451682
2017-02-15,28168,28794,27959,28534,203199
2017-02-16,28533,29003,28481,28690,114925
2017-02-17,28533,29055,28533,28847,51511
2017-02-20,28898,28950,28690,28742,37750
2017-02-21,28637,29524,28637,29420,147198
2017-02-22,29524,31506,29472,31142,399481
2017-02-23,31454,31559,30828,31142,194162
2017-02-24,31193,31559,30515,30724,176857
2017-02-27,30620,31298,30515,30777,118841
2017-02-28,30776,30985,29994,30516,181649
2017-03-02,30724,30985,30307,30568,103938
2017-03-03,30567,30828,29472,29890,132448
2017-03-06,29837,29889,29159,29629,77667
2017-03-07,29576,30307,29055,30307,115885
2017-03-08,30150,30724,29889,30255,90488
2017-03-09,30307,30359,29681,29942,76975
2017-03-10,30046,30567,29733,30464,114637
2017-03-13,30463,30515,30150,30464,86876
2017-03-14,30463,30567,29889,30151,71506
2017-03-15,30046,30150,29263,29420,99136
2017-03-16,29941,29994,29211,29994,80153
2017-03-17,30202,30411,29733,30255,56624
2017-03-20,30307,30411,29785,29994,80428
2017-03-21,30202,31454,29941,31403,307150
2017-03-22,31298,31559,30880,30985,115452
2017-03-23,31037,31715,30933,30933,93500
2017-03-24,31193,31611,30880,31350,101041
2017-03-27,31350,31559,30620,30777,122949
2017-03-28,31089,31402,30724,31298,105993
2017-03-29,30985,31298,30724,31090,131816
2017-03-30,30620,30985,30620,30672,60845
2017-03-31,30828,31246,30567,31246,84152
2017-04-03,30985,31193,30567,31090,80978
2017-04-04,31089,31506,30620,31090,116274
2017-04-05,31298,31924,31089,31663,170689
2017-04-06,31767,31819,31193,31611,105640
2017-04-07,31819,31976,31298,31663,86551
2017-04-10,31454,31611,30307,30516,125077
2017-04-11,30463,30985,30411,30829,109591
2017-04-12,30672,31037,30359,30568,85759
2017-04-13,30515,31767,30515,31663,153432
2017-04-14,31454,31715,31193,31403,72779
2017-04-17,31611,32080,31506,31924,132287
2017-04-18,32080,32289,31715,31976,79762
2017-04-19,31976,32237,31819,31976,46398
2017-04-20,32132,32863,32132,32759,156785
2017-04-21,32758,33228,32445,33228,128300
2017-04-24,33019,33489,32863,32915,78160
2017-04-25,33176,33541,32602,33541,87628
2017-04-26,33541,34115,33228,33385,162201
2017-04-27,33645,33645,32602,32811,111142
2017-04-28,32810,33071,32289,32446,104028
2017-05-02,32758,33489,32550,33124,120306
2017-05-04,33123,33802,33123,33593,107663
2017-05-08,33593,33854,32810,33228,137193
2017-05-10,33228,33906,33176,33489,120421
2017-05-11,33332,33749,32915,33698,118649
2017-05-12,33749,33958,32602,32863,176241
2017-05-15,32863,34636,32863,34585,361884
2017-05-16,34584,35992,34584,35784,470664
2017-05-17,35836,36201,35314,35993,283304
2017-05-18,35627,36514,35419,36410,292345
2017-05-19,36566,36984,36253,36567,223579
2017-05-22,36462,36879,36201,36723,142394
2017-05-23,36827,37297,36618,37193,207715
2017-05-24,37192,37297,36410,36828,132103
2017-05-25,36723,37244,36671,37036,113395
2017-05-26,37244,37662,36931,37193,110793
2017-05-29,37192,37453,36462,36619,153597
2017-05-30,36671,37192,36566,37036,114238
2017-05-31,36931,37505,36775,36932,148241
2017-06-01,37036,37088,36514,36880,65735
2017-06-02,36879,37610,36879,37558,137509
2017-06-05,37662,38444,37662,38184,189476
2017-06-07,38183,38861,37975,38445,180336
2017-06-08,38601,38861,38131,38393,158758
2017-06-09,38444,39018,38444,38966,154864
2017-06-12,38966,39018,37975,38862,166871
2017-06-13,38861,38861,37870,38132,148318
2017-06-14,38236,38601,37975,38132,89717
2017-06-15,38340,39435,38131,39384,204282
2017-06-16,39540,40583,39331,40583,279173
2017-06-19,40687,43295,40687,42879,669304
2017-06-20,43295,43817,42513,43348,275542
2017-06-21,42982,43243,41730,42566,234410
2017-06-22,42878,43035,41887,42200,145557
2017-06-23,42252,44078,42200,43818,315928
2017-06-26,43713,43817,42565,43296,120910
2017-06-27,43295,43661,42461,43557,145112
2017-06-28,43191,43608,42409,42879,191652
2017-06-29,43139,43348,42304,42618,110592
2017-06-30,42513,42513,41626,41887,121544
2017-07-03,42461,44704,42304,42983,308329
2017-07-04,43035,43191,41626,41992,186850
2017-07-05,42148,42513,41678,42096,128045
2017-07-06,42461,42878,42200,42618,148256
2017-07-07,42461,42565,40531,40740,221687
2017-07-10,41157,41783,40792,41209,154573
2017-07-11,41157,41522,41157,41209,154222
2017-07-12,41209,41835,41209,41627,90103
2017-07-13,41470,42148,40792,41940,94205
2017-07-14,42043,42252,41470,41887,86968
2017-07-17,41887,41887,41209,41783,56223
2017-07-18,41678,42982,41678,42983,190155
2017-07-19,43087,43608,41939,42357,164865
2017-07-20,42461,42461,41209,41418,152968
2017-07-21,41626,42722,41470,42566,135468
2017-07-24,42774,42774,41835,42044,87981
2017-07-25,42304,42722,42043,42566,137297
2017-07-26,42722,42722,38601,40479,416214
2017-07-27,40948,40948,39592,40062,119416
2017-07-28,40270,40374,39070,39123,137415
2017-07-31,39174,40687,37557,40010,241725
2017-08-01,40531,41209,40218,40740,131053
2017-08-02,40270,40948,40270,40740,115590
2017-08-03,40844,40948,39018,39384,116945
2017-08-04,39018,39540,37557,37558,260202
2017-08-07,37557,38496,37505,37714,135680
2017-08-08,38079,39018,38027,38549,94905
2017-08-09,38601,38861,38392,38497,88943
2017-08-10,38496,38653,38131,38497,66378
2017-08-11,36097,36671,32550,32915,1149536
2017-08-14,33176,33384,31559,32237,765892
2017-08-16,32602,33593,32185,33593,521038
2017-08-17,33384,33541,32967,33385,171061
2017-08-18,33019,34062,33019,33959,218031
2017-08-21,34062,34115,33593,33906,152163
2017-08-22,33906,34323,33854,34219,162343
2017-08-23,34375,34375,33854,33906,100535
2017-08-24,34115,34323,32967,33698,228528
2017-08-25,33802,34010,33280,33385,86401
2017-08-28,33749,34062,33384,34063,114474
2017-08-29,33645,34010,33384,33646,128708
2017-08-30,33906,34010,33332,33698,96651
2017-08-31,33749,33854,33332,33437,73133
2017-09-01,33332,33906,33019,33176,113385
2017-09-04,32393,32967,32341,32602,202510
2017-09-05,32758,33854,32445,33489,223007
2017-09-06,33489,34636,33489,34324,306427
2017-09-07,34428,35158,34428,35002,189450
2017-09-08,35106,35367,34480,34689,100139
2017-09-11,34688,35158,34167,34793,158380
2017-09-12,34897,36358,34845,35836,301834
2017-09-13,35940,36253,35471,36149,178020
2017-09-14,36201,36984,35732,36619,243244
2017-09-15,36723,37557,36358,37454,242864
2017-09-18,37557,38549,36931,38288,233480
2017-09-19,38392,39070,38131,38601,318647
2017-09-20,38601,38966,36462,36567,366954
2017-09-21,36253,37349,35367,35784,336644
2017-09-22,35784,35992,35001,35211,187197
2017-09-25,35575,35732,34793,35158,130271
2017-09-26,34949,37088,34897,36619,254692
2017-09-27,36671,37088,35627,35784,214254
2017-09-28,35888,36358,35680,35732,91654
2017-09-29,35940,36149,35054,35628,147476
2017-10-10,36514,36671,35940,36149,211873
2017-10-11,36045,36618,35367,35889,160970
2017-10-12,35888,35888,33802,33906,483324
2017-10-13,34115,34167,32706,33333,354179
2017-10-16,33436,33802,33019,33698,124056
2017-10-17,33541,34428,33541,34272,169413
2017-10-18,34271,35367,34219,35263,238641
2017-10-19,35680,35680,34010,34637,149031
2017-10-20,34949,35001,34010,34480,108554
2017-10-23,34480,34845,34323,34585,67027
2017-10-24,34688,35262,34584,35002,98085
2017-10-25,35262,35419,34741,34950,74270
2017-10-26,34897,35888,34584,35524,152016
2017-10-27,35732,36253,35210,35889,174765
2017-10-30,35940,36045,35262,35471,64901
2017-10-31,35471,36723,35158,35784,297718
2017-11-01,36201,36201,35367,36045,122045
2017-11-02,36097,36305,35627,36097,102441
2017-11-03,36045,36097,34688,35315,344973
2017-11-06,35471,35836,35054,35836,170789
2017-11-07,36045,36931,35992,36462,272172
2017-11-08,36358,36775,35992,36097,115214
2017-11-09,35888,36149,35158,35211,196178
2017-11-10,35158,36566,34688,35784,325709
2017-11-13,35992,36410,35367,35471,214977
2017-11-14,35732,38340,35471,38080,675419
2017-11-15,38183,38653,37818,38080,342531
2017-11-16,38131,38914,38131,38393,179910
2017-11-17,38183,38288,36879,37193,318428
2017-11-20,37140,37557,36097,36671,256071
2017-11-21,36671,37505,36253,37506,258503
2017-11-22,37557,38236,37036,38027,235165
2017-11-23,37975,38601,37870,38340,196637
2017-11-24,38288,38757,37923,38445,207462
2017-11-27,38705,38705,37192,37245,205963
2017-11-28,37401,37610,36201,36358,152025
2017-11-29,36305,36514,35732,35836,217785
2017-11-30,35836,36410,35314,35315,275728
2017-12-01,35888,35888,35210,35576,118958
2017-12-04,35680,35888,34845,35158,149086
2017-12-05,35314,35680,34949,35263,168546
2017-12-06,35262,35523,33697,33698,232639
2017-12-07,33802,34532,33541,34428,174470
2017-12-08,34219,34636,33802,34324,107473
2017-12-11,34219,34688,33697,34167,168395
2017-12-12,34375,35054,34323,34689,177558
2017-12-13,34532,35314,34532,35211,140350
2017-12-14,35210,35471,34845,35158,156177
2017-12-15,35419,35575,35001,35419,347293
2017-12-18,35314,36305,35210,36149,167076
2017-12-19,36253,36358,35836,36045,153923
2017-12-20,36149,36618,35836,35889,147741
2017-12-21,35888,35888,34062,34532,265823
2017-12-22,34271,34845,34062,34532,149700
2017-12-26,34584,34793,33645,33698,224018
2017-12-27,34062,36671,34062,36671,356217
2017-12-28,36671,36671,35680,35680,199462
2018-01-02,35680,36305,35627,35941,133033
2018-01-03,35940,36775,35940,36306,184151
2018-01-04,36358,36775,35992,36254,155148
2018-01-05,36514,36514,35732,35993,102730
2018-01-08,35992,36149,35001,35628,160537
2018-01-09,35627,36201,35419,35836,144583
2018-01-10,35836,36305,34897,35158,195189
2018-01-11,35210,37766,35158,37245,461922
2018-01-12,37140,38079,36671,37297,207598
2018-01-15,37975,38757,37766,37923,284004
2018-01-16,37923,40113,37923,39905,497967
2018-01-17,40113,40635,39383,40010,354683
2018-01-18,40426,40687,39644,39957,173427
2018-01-19,42513,43504,40009,40479,897474
2018-01-22,40166,40739,39331,40114,209454
2018-01-23,40113,42043,40113,41627,388218
2018-01-24,41574,41574,40426,41001,284794
2018-01-25,41365,43139,41313,42774,437030
2018-01-26,42982,43035,42148,42826,217389
2018-01-29,43191,43713,42617,42774,218773
2018-01-30,42774,43765,41783,42931,297672
2018-01-31,42461,43556,41626,43139,280179
2018-02-01,43087,43556,42722,43400,210023
2018-02-02,43087,43452,41678,41992,280590
2018-02-05,40948,41730,40635,41105,158171
2018-02-06,39644,40218,38236,39592,426520
2018-02-07,40166,40948,38914,39123,185600
2018-02-08,38861,40479,38861,40427,159605
2018-02-09,38966,39905,38966,39540,207094
2018-02-12,39905,40531,39540,39592,180441
2018-02-13,39957,40009,38549,38758,236620
2018-02-14,38496,39435,38392,39123,119989
2018-02-19,39644,40166,39487,39905,92386
2018-02-20,39696,40166,39435,39957,66274
2018-02-21,40009,40583,39487,40323,130412
2018-02-22,40270,41157,39905,40531,117852
2018-02-23,40687,40948,40166,40792,74040
2018-02-26,40896,41313,40322,40375,81133
2018-02-27,40374,41678,40113,41522,231009
2018-02-28,41470,41730,40792,41053,154314
2018-03-02,40322,40531,39644,39853,150022
2018-03-05,39800,40374,39592,39749,81576
2018-03-06,40374,40426,38966,39279,221395
2018-03-07,39279,39592,37401,37454,334765
2018-03-08,37818,38288,37244,37297,290249
2018-03-09,37557,38079,37192,37767,232851
2018-03-12,37923,38288,37192,37558,312909
2018-03-13,37557,37610,36618,36984,303477
2018-03-14,36827,36827,35784,36358,315008
2018-03-15,36566,37140,35262,36984,538564
2018-03-16,36618,36618,35262,35471,516533
2018-03-19,35471,35627,34688,34689,216549
2018-03-20,34636,35106,34219,34741,194468
2018-03-21,35106,35575,35001,35524,193255
2018-03-22,35627,35888,35210,35524,220745
2018-03-23,34949,35158,34323,34480,148881
2018-03-26,34115,35314,34115,35158,121414
2018-03-27,35210,35627,34793,35367,163249
2018-03-28,35158,35419,34271,34845,205992
2018-03-29,34845,35367,34584,35211,99769
2018-03-30,35106,35836,35054,35367,83788
2018-04-02,35680,35680,34741,34845,127899
2018-04-03,34480,34793,33958,34167,199717
2018-04-04,34323,35523,34323,34480,156862
2018-04-05,34636,34688,34219,34480,112009
2018-04-06,34480,35054,34115,34219,112262
2018-04-09,34167,34897,33541,34376,149056
2018-04-10,34375,34688,33906,34532,151122
2018-04-11,34636,34949,34323,34585,131963
2018-04-12,34532,34584,33749,34272,162034
2018-04-13,34271,34323,33854,34219,112375
2018-04-16,34219,34636,33749,34637,185037
2018-04-17,34636,34845,33906,34219,201686
2018-04-18,34375,34428,33906,34272,144376
2018-04-19,34271,34271,33332,33385,179429
2018-04-20,33384,33384,32080,32550,341827
2018-04-23,32550,32550,32080,32133,126787
2018-04-24,32080,32810,31559,32707,272337
2018-04-25,32550,33019,32080,32185,101569
2018-04-26,32289,32810,32185,32289,104605
2018-04-27,32393,32758,32185,32498,71201
2018-04-30,32289,32654,31872,32133,166664
2018-05-02,32028,32028,31298,31611,175020
2018-05-03,31402,31924,31298,31559,148229
2018-05-04,31559,31559,30776,30829,247626
2018-05-08,31246,31506,30776,30777,154860
2018-05-09,30828,31141,30515,31090,106599
2018-05-10,31506,31924,31193,31298,150817
2018-05-11,32863,34584,32810,33385,913023
2018-05-14,33906,34845,33697,34428,395528
2018-05-15,34636,34636,34062,34637,196571
2018-05-16,34636,34949,34428,34741,189350
2018-05-17,34949,34949,34428,34689,140621
2018-05-18,34897,35732,34793,35367,181638
2018-05-21,35367,35680,34845,35315,106524
2018-05-23,35575,36097,35314,35524,154272
2018-05-24,35836,35836,35054,35211,99353
2018-05-25,35106,35888,34897,35158,197852
2018-05-28,35367,35367,34323,34741,105646
2018-05-29,34532,35001,34271,34689,85901
2018-05-30,34793,35001,34375,34793,84994
2018-05-31,34793,35054,34167,34585,88816
2018-06-01,34375,34845,34375,34741,61499
2018-06-04,34741,35054,34636,34845,47182
2018-06-05,34845,35732,34688,35263,128116
2018-06-07,35419,36097,34949,35836,169342
2018-06-08,35419,36775,35419,36462,191564
2018-06-11,36723,37036,36201,36619,159555
2018-06-12,36827,36827,35992,36097,78660
2018-06-14,35940,36618,35471,36097,89294
2018-06-15,36097,36097,34219,34219,241371
2018-06-18,34219,34688,33489,33541,170707
2018-06-19,33541,33958,32810,32863,142735
2018-06-20,32863,33593,32810,33437,78706
2018-06-21,33436,33802,32445,32915,110751
2018-06-22,32654,33228,32550,32863,85862
2018-06-25,32654,33593,32654,33385,42501
2018-06-26,32967,34793,32967,34532,101574
2018-06-27,34428,35054,34271,34689,96506
2018-06-28,34219,34480,33384,33854,130698
2018-06-29,33854,34167,33228,33854,67441
2018-07-02,34115,34375,33280,33489,89664
2018-07-03,34584,34584,33228,33541,69027
2018-07-04,33541,34323,33436,33906,67982
2018-07-05,33749,34271,33489,34063,57297
2018-07-06,34219,34428,33593,34219,63481
2018-07-09,34010,35680,33906,35419,128969
2018-07-10,35471,35732,34845,35315,99655
2018-07-11,35106,35314,34793,35158,48888
2018-07-12,35106,36149,34897,35993,171960
2018-07-13,35992,36305,35732,36149,59883
2018-07-16,36358,36410,35992,35993,78997
2018-07-17,35836,36931,35367,35628,230399
2018-07-18,35784,36045,34845,35054,84170
2018-07-19,35001,35262,34115,34219,114821
2018-07-20,34010,34428,33123,33646,130033
2018-07-23,33645,34062,33019,33124,94186
2018-07-24,32863,33332,32341,32550,134084
2018-07-25,32445,33123,31559,32185,181937
2018-07-26,32132,33436,32132,33333,136033
2018-07-27,32863,33541,32863,33333,61675
2018-07-30,33019,33489,32967,33020,37166
2018-07-31,33019,33176,32602,32759,93283
2018-08-01,32758,33436,32758,33280,42999
2018-08-02,33280,34271,33228,33541,79498
2018-08-03,33384,33541,33019,33280,62172
2018-08-06,33593,33593,33228,33280,46252
2018-08-07,33384,33384,32810,32863,62455
2018-08-08,33123,33645,32810,32863,46862
2018-08-09,32863,35471,32863,35106,279784
2018-08-10,34949,36358,33176,34011,419822
2018-08-13,33593,33749,32602,32602,161150
2018-08-14,32654,32915,31924,32081,192222
2018-08-16,31924,32028,31193,31716,154707
2018-08-17,32080,32132,31559,32081,87212
2018-08-20,32080,32237,31350,31924,131578
2018-08-21,31924,31976,31454,31768,152805
2018-08-22,31819,31924,31193,31403,105744
2018-08-23,31506,31663,31037,31507,111171
2018-08-24,31350,32237,31193,32133,115968
2018-08-27,32080,32498,31715,32498,101064
2018-08-28,32341,32550,31924,32185,67384
2018-08-29,32028,32393,31872,31924,70516
2018-08-30,31924,31976,31454,31924,84001
2018-08-31,31767,31819,31350,31455,153731
2018-09-03,31663,32393,31350,31403,124192
2018-09-04,31454,31715,31298,31455,86629
2018-09-05,31767,31767,31037,31142,160012
2018-09-06,31402,31454,30828,30933,118274
2018-09-07,30880,31298,30620,31037,114472
2018-09-10,31037,31715,30985,31559,133345
2018-09-11,31454,31611,31298,31507,81194
2018-09-12,31506,31819,31298,31559,119111
2018-09-13,31715,32132,31559,31924,158641
2018-09-14,31819,32289,31819,31976,96579
2018-09-17,31924,32185,31715,32133,103001
2018-09-18,31924,32289,31715,32029,87358
2018-09-19,31872,32080,31454,31924,78539
2018-09-20,31819,32237,31402,31924,122758
2018-09-21,32132,32132,31663,31663,94809
2018-09-27,31663,31872,31298,31559,131860
2018-09-28,31506,32080,31089,31924,90053
2018-10-01,31976,32237,31559,31611,61719
2018-10-02,31872,31924,31141,31298,103010
2018-10-04,31350,31402,30307,30411,129546
2018-10-05,30150,31089,30150,30829,111430
2018-10-08,30880,31246,30411,30829,69809
2018-10-10,30515,30933,29472,29994,158852
2018-10-11,29420,29472,27229,28325,310950
2018-10-12,27855,28324,27438,27751,250707
2018-10-15,27438,27907,27333,27386,120760
2018-10-16,27385,27855,27385,27438,62563
2018-10-17,27751,28220,27385,27908,95998
2018-10-18,28011,28220,27490,27490,56382
2018-10-19,27281,27385,26186,26656,240000
2018-10-22,26603,26916,26134,26499,151615
2018-10-23,26499,26603,25821,25821,174366
2018-10-24,25847,26342,25299,25378,190368
2018-10-25,25038,25377,24803,25091,136683
2018-10-26,25403,25612,23238,23735,280664
2018-10-29,23578,24099,22091,22117,245352
2018-10-30,21647,23682,21647,23317,268549
2018-10-31,23838,24125,23421,23917,129697
2018-11-01,24047,24960,24047,24621,152959
2018-11-02,24412,25221,24412,25143,96571
2018-11-05,25064,25221,24621,25091,92219
2018-11-06,25038,25403,24986,25195,88878
2018-11-07,25195,26055,23056,24334,244618
2018-11-08,24725,25794,24725,25482,99997
2018-11-09,27333,28324,25612,25743,411882
2018-11-12,25742,26968,25221,26812,249831
2018-11-13,26342,27646,26134,27595,170699
2018-11-14,27803,27959,27281,27647,104174
2018-11-15,27907,28429,27438,28377,112264
2018-11-16,28585,28846,28011,28534,123084
2018-11-19,28533,29211,28429,29003,129780
2018-11-20,28429,28690,28220,28429,81693
2018-11-21,28168,29889,28011,29890,126797
2018-11-22,29837,29837,29055,29733,99901
2018-11-23,29524,29629,28481,28638,142496
2018-11-26,28742,29159,28481,28951,85140
2018-11-27,28898,29681,28898,29473,89344
2018-11-28,29368,29889,29055,29681,105328
2018-11-29,29837,29941,29263,29577,76601
2018-11-30,29472,30411,29472,30098,123191
2018-12-03,30307,31037,29785,30307,158181
2018-12-04,29941,30411,29629,30151,64604
2018-12-05,29994,29994,29576,29681,28708
2018-12-06,29576,29576,28585,28638,121703
2018-12-07,28898,28950,28011,28690,87868
2018-12-10,28637,28950,28324,28690,52776
2018-12-11,28429,29159,28064,28951,65854
2018-12-12,29003,29003,28585,29003,55054
2018-12-13,28898,29889,28898,29890,65275
2018-12-14,29889,30046,29263,29994,82408
2018-12-17,29837,30098,29524,29838,61274
2018-12-18,29420,29837,29107,29368,64273
2018-12-19,29211,29785,29211,29733,94824
2018-12-20,29316,30307,29107,29212,73287
2018-12-21,29211,29576,28690,29577,103942
2018-12-24,29629,29994,29368,29890,81758
2018-12-26,29316,29733,28585,29055,47807
2018-12-27,29629,30046,29420,29733,140458
2018-12-28,29629,30046,29316,29890,46158
2019-01-02,29889,30307,29316,29890,66341
2019-01-03,29733,30202,29472,29942,56300
2019-01-04,29681,29994,29107,29629,55981
2019-01-07,30307,31454,29733,31246,212163
2019-01-08,31298,31559,30828,30985,81141
2019-01-09,30985,31767,30985,31663,111121
2019-01-10,31559,31663,31089,31298,56986
2019-01-11,31298,31715,31246,31716,64058
2019-01-14,31559,31767,30985,31559,87093
2019-01-15,31141,31454,31037,31194,89739
2019-01-16,31506,31506,30985,31298,82753
2019-01-17,31559,32602,31246,32342,197210
2019-01-18,32341,32393,31715,31976,92675
2019-01-21,31924,32237,31037,31037,90833
2019-01-22,31037,31402,30724,31403,58815
2019-01-23,31298,31350,30828,30933,90156
2019-01-24,30672,31089,30411,30724,87634
2019-01-25,30515,31402,30515,30933,52090
2019-01-28,31193,31193,30672,30724,86023
2019-01-29,31141,31141,30150,30933,130351
2019-01-30,30620,31037,30463,30568,64620
2019-01-31,30620,31089,30567,30777,77291
2019-02-01,31037,36201,30985,35211,1197111
2019-02-07,35419,36253,34741,35576,318827
2019-02-08,35575,35940,34845,35263,110707
2019-02-11,35262,35262,33384,33489,235656
2019-02-12,33645,33958,32185,32602,206099
2019-02-13,32706,33802,32706,33593,181381
2019-02-14,33280,38653,32967,37610,1290621
2019-02-15,37557,38444,36723,37662,291890
2019-02-18,37766,38966,37088,38862,338373
2019-02-19,38809,39540,38340,39279,213520
2019-02-20,39487,39800,38757,39279,180597
2019-02-21,39227,39540,38079,38497,217726
2019-02-22,38653,39540,38653,39123,138180
2019-02-25,38966,39696,38757,39436,141894
2019-02-26,39800,41626,39748,40479,447893
2019-02-27,40426,40896,39905,40166,156308
2019-02-28,40009,40270,38549,38601,260208
2019-03-04,39122,41000,38914,40688,243802
2019-03-05,40948,41052,39800,40375,169748
2019-03-06,40739,43035,40739,41783,615255
2019-03-07,41939,42982,41939,42879,368587
2019-03-08,42669,42930,41783,42200,217226
2019-03-11,43817,45225,43661,44652,675943
2019-03-12,44652,44860,44078,44496,237425
2019-03-13,44547,45486,44026,44496,213461
2019-03-14,44600,44860,43191,44444,197515
2019-03-15,43974,45069,43556,44861,228676
2019-03-18,44860,46843,44860,46687,314671
2019-03-19,46843,47260,44495,44809,365359
2019-03-20,45069,46686,44808,46061,213041
2019-03-21,45643,46582,43400,44861,380659
2019-03-22,45121,45121,42565,43400,396097
2019-03-25,42982,44130,42148,43244,235510
2019-03-26,43348,45538,43348,45017,298449
2019-03-27,45330,45538,44495,45017,160031
2019-03-28,44756,45643,44182,44391,169505
2019-03-29,45382,46425,44234,46165,272145
2019-04-01,46477,46582,44130,44548,288432
2019-04-02,44965,46373,44547,45904,325414
2019-04-03,48303,48303,46530,47469,544472
2019-04-04,47156,47469,46164,46947,173488
2019-04-05,46634,46738,45591,45800,195479
2019-04-08,45799,45799,44339,44965,215518
2019-04-09,44652,45434,43608,44913,290917
2019-04-10,44912,46269,44860,46217,294799
2019-04-11,46217,46425,45382,45539,152748
2019-04-12,45643,46112,44860,46008,259262
2019-04-15,45747,46686,44860,46321,201498
2019-04-16,46425,46582,43608,43661,368724
2019-04-17,43817,44443,43035,43557,256408
2019-04-18,43921,44495,43661,43818,151552
2019-04-19,43765,44026,42148,42774,241971
2019-04-22,42722,42722,41365,41679,356380
2019-04-23,41730,43243,41730,42566,199144
2019-04-24,42774,43243,41939,42513,161181
2019-04-25,42617,43035,42304,42513,77222
2019-04-26,42200,42826,41730,42461,102870
2019-04-29,42252,42930,41835,42931,114192
2019-04-30,42774,43817,42200,43818,155152
2019-05-02,43713,43713,39435,39488,787098
2019-05-03,40166,40896,39748,40636,267479
2019-05-07,40479,41678,40426,41575,215562
2019-05-08,41418,43504,41365,42513,313396
2019-05-09,42409,42878,40948,41783,135855
2019-05-10,41626,42043,40374,41470,167996
2019-05-13,41730,41939,40531,41053,127702
2019-05-14,40896,41052,38966,39801,313841
2019-05-15,40426,41209,40113,40844,131570
2019-05-16,40844,42826,40792,42253,276288
2019-05-17,42043,42774,41626,41731,99000
2019-05-20,42148,42148,40374,40636,110694
2019-05-21,39957,41418,39957,41209,116255
2019-05-22,41522,41522,40061,40062,117049
2019-05-23,40374,40374,39018,39123,128081
2019-05-24,39122,39174,37766,38080,163359
2019-05-27,37349,38809,37244,38288,144388
2019-05-28,38653,38914,38079,38080,120306
2019-05-29,38496,38861,38131,38393,102843
2019-05-30,38392,38914,38027,38236,60791
2019-05-31,38131,38288,37244,37767,161792
2019-06-03,37766,38549,37349,38340,135180
2019-06-04,38340,38549,36618,36828,169083
2019-06-05,36514,38444,36514,38184,160355
2019-06-07,37870,39435,37870,39018,122443
2019-06-10,39018,41261,38809,40949,175561
2019-06-11,40948,41730,40531,41470,196349
2019-06-12,41313,41678,40374,41209,188085
2019-06-13,40844,43452,40844,42670,275548
2019-06-14,42461,43087,41418,41470,172491
2019-06-17,41939,42043,40896,41366,86167
2019-06-18,41470,44026,41209,43557,355847
2019-06-19,44078,44495,42617,43400,213138
2019-06-20,43035,43869,42409,42618,154429
2019-06-21,42617,44130,42617,44026,273351
2019-06-24,44078,44078,42669,43139,115529
2019-06-25,43139,43817,42409,43244,203222
2019-06-26,43243,43243,41000,41314,291649
2019-06-27,41730,41730,39487,39644,301361
2019-06-28,39644,40531,39227,40323,202248
2019-07-01,40479,40479,37088,37714,430537
2019-07-02,37453,37818,36671,37767,225670
2019-07-03,38079,38131,36618,37297,216892
2019-07-04,37453,37453,35888,36515,343530
2019-07-05,36671,38861,36671,38340,539965
2019-07-08,38288,38288,36566,36723,304449
2019-07-09,36723,37192,35627,35680,342025
2019-07-10,36097,36514,34741,35524,405908
2019-07-11,35419,35575,33436,34428,1001571
2019-07-12,34480,35210,34010,34428,281107
2019-07-15,34480,35158,34010,34480,279253
2019-07-16,34480,34897,34062,34532,192093
2019-07-17,34428,34584,33593,34272,208975
2019-07-18,34845,34845,33123,33124,233770
2019-07-19,33176,34688,33176,34480,251962
2019-07-22,34532,34532,33384,33646,213292
2019-07-23,33645,34845,33436,33437,272553
2019-07-24,33697,35314,33645,33854,329999
2019-07-25,33854,34115,32393,33072,327912
2019-07-26,33228,33749,32863,33176,190446
2019-07-29,32915,33854,32237,32446,146771
2019-07-30,32289,32654,31663,31820,301508
2019-07-31,31559,32915,31559,32550,284611
2019-08-01,32237,33123,32028,32081,197789
2019-08-02,31663,32810,31506,31924,156659
2019-08-05,31715,31924,30307,30516,260744
2019-08-06,29733,31715,28794,30620,315827
2019-08-07,30307,31454,30307,31403,174466
2019-08-08,31506,33071,31454,33072,218592
2019-08-09,33436,34949,32863,33124,428374
2019-08-12,33384,33593,31559,31820,265002
2019-08-13,31715,31767,30776,30881,241917
2019-08-14,31141,31506,30672,30672,174876
2019-08-16,30463,30463,29472,29629,287995
2019-08-19,30515,31663,30463,30672,232951
2019-08-20,30776,31559,30620,31403,135849
2019-08-21,31298,31506,30828,31142,107381
2019-08-22,31141,31924,31141,31768,99017
2019-08-23,31402,32028,31089,31820,109068
2019-08-26,31037,32028,30985,31037,109983
2019-08-27,31350,31872,31193,31194,66239
2019-08-28,31193,31663,31089,31298,71858
2019-08-29,31559,31559,31037,31298,60559
2019-08-30,31350,31976,31193,31663,105694
2019-09-02,31715,32289,31663,31768,57293
2019-09-03,31924,32028,31402,31768,56622
2019-09-04,31767,32341,31611,32289,70093
2019-09-05,32393,32550,31663,31872,148550
2019-09-06,32080,32080,31141,31246,134342
2019-09-09,31246,31715,31141,31142,90429
2019-09-10,31193,32028,31141,31872,70532
2019-09-11,31924,32132,31663,32133,66926
2019-09-16,32132,32132,31559,31872,130531
2019-09-17,31715,32132,31298,31924,121496
2019-09-18,31819,33176,31559,32967,182422
2019-09-19,33176,33176,32185,32394,174098
2019-09-20,32550,33228,32445,32707,162218
2019-09-23,32445,33332,32445,33124,87461
2019-09-24,33384,33906,32915,32967,137214
2019-09-25,32967,33332,32550,32811,106480
2019-09-26,33176,33332,32706,33020,85218
2019-09-27,32863,33489,32445,32707,61828
2019-09-30,32706,32758,32237,32498,61886
2019-10-01,33123,33645,32863,33020,107987
2019-10-02,32967,33123,32498,32811,72909
2019-10-04,32810,33019,32498,32550,87739
2019-10-07,32550,32602,31819,32081,97510
2019-10-08,31924,32237,31663,31872,76427
2019-10-10,31611,32237,31454,32029,61618
2019-10-11,32080,32237,31819,31924,56762
2019-10-14,32185,32289,31715,32029,80019
2019-10-15,32028,32185,31559,31716,76946
2019-10-16,31663,31976,31298,31298,96642
2019-10-17,31246,31350,30933,31090,73835
2019-10-18,30985,31350,30672,30672,88117
2019-10-21,30567,30933,30359,30411,69819
2019-10-22,30567,30672,30307,30620,94165
2019-10-23,30463,30620,29785,30151,118485
2019-10-24,30411,30985,30150,30829,56119
2019-10-25,30776,30933,30411,30724,64750
2019-10-28,30724,30828,30307,30464,53915
2019-10-29,30515,30724,29785,30098,108595
2019-10-30,30307,30463,29785,29890,96247
2019-10-31,30202,30411,29785,30098,134394
2019-11-01,30254,31141,30150,31090,102213
2019-11-04,31089,31715,30880,31455,96929
2019-11-05,31454,31872,31246,31663,59066
2019-11-06,31715,32863,30985,32602,236651
2019-11-07,32602,32602,32028,32289,92455
2019-11-08,32028,33749,32028,33489,275785
2019-11-11,33854,33854,32810,33228,95338
2019-11-12,33332,33645,32967,33437,120104
2019-11-13,33384,33645,32967,33280,73979
2019-11-14,33436,33906,32810,32915,80092
2019-11-15,32915,33436,32810,33228,56087
2019-11-18,33228,33749,33176,33698,72964
2019-11-19,33697,34271,33176,33854,81626
2019-11-20,33645,34636,33645,33646,179477
2019-11-21,33749,34323,32393,32655,146753
2019-11-22,32863,33228,32550,32759,77391
2019-11-25,32602,33019,32132,32707,110736
2019-11-26,32863,33176,32550,32915,47489
2019-11-27,32967,34949,32967,34793,359804
2019-11-28,34949,35940,34636,34741,209991
2019-11-29,35367,35680,34949,35315,143889
2019-12-02,35314,35419,34688,35106,83861
2019-12-03,34845,35680,34271,35263,112699
2019-12-04,35106,35836,34741,35315,95532
2019-12-05,35367,35784,34167,34585,101187
2019-12-06,34428,34845,34167,34428,56353
2019-12-09,34167,34688,33697,34532,120662
2019-12-10,34323,34636,34010,34219,67219
2019-12-11,34532,35106,33958,34167,75186
2019-12-12,34271,34271,33489,34115,145684
2019-12-13,34428,34897,33802,34741,210823
2019-12-16,34584,35210,34323,34689,85669
2019-12-17,34480,34897,34219,34689,84906
2019-12-18,34949,34949,34323,34950,131346
2019-12-19,34845,35627,34271,35211,196196
2019-12-20,35158,35680,34480,34480,125305
2019-12-23,34636,34949,33749,34063,101348
2019-12-24,33958,34271,33436,33646,109983
2019-12-26,33593,34010,33280,33593,77611
2019-12-27,33958,34323,33906,34115,95101
2019-12-30,34115,35001,33802,34845,104327
2020-01-02,34741,34845,34219,34376,64683
2020-01-03,34375,35262,34219,34324,106202
2020-01-06,34010,34271,33593,33593,62724
2020-01-07,33697,34897,33645,34689,94943
2020-01-08,34688,34793,33749,34272,104471
2020-01-09,34793,35992,34480,35941,284259
2020-01-10,36879,39279,36671,38914,589597
2020-01-13,39383,40844,38861,40166,380291
2020-01-14,40270,40948,39592,40323,238560
2020-01-15,40583,41209,40113,41209,191919
2020-01-16,41313,41730,40844,41314,146098
2020-01-17,41522,41678,39853,39905,239111
2020-01-20,39696,40322,39540,39644,144829
2020-01-21,39592,40009,39122,39592,124207
2020-01-22,39800,40322,39279,39592,106285
2020-01-23,39592,40061,38601,39644,157425
2020-01-28,37818,39435,37818,38549,122746
2020-01-29,39070,40896,38757,40270,258722
2020-01-30,40322,41157,39592,40479,198193
2020-01-31,40218,40844,39383,39384,136457
2020-02-03,39122,40009,38549,39279,138318
2020-02-04,39696,41209,39435,40949,163593
2020-02-05,41105,41365,40270,40583,95624
2020-02-06,41105,41157,39957,40688,165402
2020-02-07,40687,40739,39279,39488,202940
2020-02-10,38809,39696,36566,39227,494056
2020-02-11,40113,41209,38966,39123,316680
2020-02-12,38914,39435,38027,38184,248976
2020-02-13,38183,38653,37505,37610,179726
2020-02-14,38027,38027,37036,37193,225812
2020-02-17,37297,37818,37088,37558,175616
2020-02-18,37818,37870,37297,37454,118038
2020-02-19,37453,38966,36931,38705,257004
2020-02-20,38653,39070,38340,38653,144029
2020-02-21,38340,39696,38131,38132,198072
2020-02-24,37610,38549,36984,38080,268290
2020-02-25,37557,39279,37453,39123,249777
2020-02-26,38757,40061,37975,39749,266104
2020-02-27,39800,39905,38027,38236,126879
2020-02-28,37401,37975,35784,36358,201262
2020-03-02,36723,38966,36201,38340,246541
2020-03-03,39070,39227,37453,37714,191852
2020-03-04,37610,39644,37453,39436,184856
2020-03-05,39696,39905,39070,39540,150959
2020-03-06,39122,40948,38861,40323,318877
2020-03-09,40166,40479,38444,38810,214070
2020-03-10,38392,39122,37818,38810,173747
2020-03-11,38966,39070,36879,37036,187621
2020-03-12,36566,36931,34636,34950,277563
2020-03-13,31402,34845,31246,33802,479810
2020-03-16,34741,35210,32915,32915,193452
2020-03-17,31559,33802,31559,33698,207525
2020-03-18,33749,34271,31193,31194,192912
2020-03-19,31924,32393,27020,28690,407009
2020-03-20,29003,31193,28898,31194,240702
2020-03-23,29420,29524,28585,28638,188194
2020-03-24,29316,32185,29316,31663,255626
2020-03-25,32706,33384,31663,33072,161386
2020-03-26,33019,33749,31715,32237,147119
2020-03-27,33123,33280,31141,31716,272362
2020-03-30,31298,33176,30933,33176,200841
2020-03-31,33906,36462,33332,35732,383661
2020-04-01,35992,37401,34949,35680,286308
2020-04-02,35627,36984,34845,36932,190935
2020-04-03,37297,37610,36514,36984,140939
2020-04-06,37505,37975,36618,36932,229788
2020-04-07,37453,37557,35784,36202,300322
2020-04-08,36149,36931,35888,36306,139177
2020-04-09,36305,36618,35419,35836,235974
2020-04-10,35888,36253,34793,35993,161398
2020-04-13,36097,36097,35262,35784,109772
2020-04-14,36149,36984,35836,36358,204905
2020-04-16,36462,38653,36097,38601,332047
2020-04-17,39383,39383,38236,38549,272107
2020-04-20,38549,38861,37818,38184,145760
2020-04-21,38079,38914,36514,37871,190065
2020-04-22,38131,38392,37557,38288,148183
2020-04-23,38444,40270,38288,39540,307656
2020-04-24,39748,40426,39122,39905,236540
2020-04-27,40166,40687,39644,40375,165903
2020-04-28,40479,40479,39122,39749,135194
2020-04-29,39696,40061,38966,39853,170155
2020-05-04,39122,40531,38966,40114,164754
2020-05-06,40479,41991,40479,41470,294327
2020-05-07,42669,43661,41470,42513,447058
2020-05-08,44339,45173,43295,43296,493521
2020-05-11,43921,46895,43661,46008,681608
2020-05-12,46425,48094,46269,47104,579514
2020-05-13,46947,49555,46582,48147,580016
2020-05-14,47729,50338,47469,50025,606782
2020-05-15,50077,50129,47260,48251,534707
2020-05-18,47729,48773,46112,46321,445014
2020-05-19,45956,46060,43817,44444,955384
2020-05-20,44860,46634,44704,46634,551830
2020-05-21,47573,47625,46060,46374,341505
2020-05-22,46269,47312,46112,46687,244612
2020-05-25,47051,48564,46686,47886,405130
2020-05-26,48512,48668,46269,47000,419519
2020-05-27,46895,46895,45017,46374,514058
2020-05-28,46686,46686,44704,45226,410808
2020-05-29,45538,46373,45121,45539,244936
2020-06-01,45904,46582,45851,46478,192916
2020-06-02,46530,46634,45747,46269,136955
2020-06-03,46530,46530,44078,44444,581820
2020-06-04,44443,45486,44182,44704,305917
2020-06-05,45069,45069,43139,43400,417951
2020-06-08,43608,43869,42930,43661,345108
2020-06-09,43765,43921,42774,43296,272043
2020-06-10,43817,45382,43608,44861,467670
2020-06-11,45434,46321,44808,45122,425663
2020-06-12,43556,45434,43295,45017,257781
2020-06-15,44965,45121,41991,42253,268384
2020-06-16,43295,43921,43087,43870,148112
2020-06-17,43817,45330,43556,44078,179126
2020-06-18,44912,44965,44078,44444,136595
2020-06-19,44600,44704,42982,43974,194344
2020-06-22,43817,44860,42982,44339,174136
2020-06-23,45278,47156,44704,46739,632771
2020-06-24,47469,47521,45538,46217,297151
2020-06-25,45330,45591,43661,44131,275649
2020-06-26,44652,44652,43295,43452,205108
2020-06-29,42982,43869,41678,41992,226698
2020-06-30,42826,43504,42043,43139,204362
2020-07-01,43243,43504,42200,42200,158576
2020-07-02,42565,43243,41991,43139,140253
2020-07-03,43452,43452,42565,42826,134016
2020-07-06,42982,43921,42774,43505,198318
2020-07-07,44026,45643,43556,45330,414880
2020-07-08,46008,47990,45799,47104,786525
2020-07-09,47416,47990,46373,47052,374091
2020-07-10,47521,47886,45851,46687,348587
2020-07-13,47521,47625,45695,46426,241906
2020-07-14,46321,46321,44808,45069,287412
2020-07-15,45121,45225,44130,44548,284861
2020-07-16,44391,44495,43452,43557,192484
2020-07-17,43556,44182,43452,44026,137845
2020-07-20,44234,44234,42409,42879,213301
2020-07-21,43556,44182,42930,43296,271689
2020-07-22,43348,43348,42200,42722,240794
2020-07-23,42826,43087,42356,42931,171813
2020-07-24,42409,42982,42200,42774,139309
2020-07-27,42878,43139,42565,42983,97771
2020-07-28,43452,43452,42669,42774,130031
2020-07-29,42774,42774,42252,42513,125476
2020-07-30,42565,42774,42304,42409,136114
2020-07-31,42409,43765,42409,42983,260127
2020-08-03,43608,44443,43087,44287,274679
2020-08-04,44599,44599,43556,44339,189831
2020-08-05,44756,46008,44391,46008,353899
2020-08-06,46164,46373,44965,45643,254483
2020-08-07,45591,45591,42617,42931,836037
2020-08-10,42930,43139,42043,42513,367782
2020-08-11,42513,42513,41574,41627,706332
2020-08-12,41730,42043,40739,41053,522635
2020-08-13,41470,41470,40844,40896,359041
2020-08-14,41157,41730,40583,40792,226799
2020-08-18,41157,41678,40426,40844,301614
2020-08-19,40896,41313,40113,40375,259343
2020-08-20,40113,40270,37349,37871,508725
2020-08-21,38288,38914,36984,38132,332890
2020-08-24,38131,38549,37244,38288,200074
2020-08-25,38549,39070,38183,39018,203039
2020-08-26,39018,39383,38183,38549,270751
2020-08-27,38549,39748,38131,38132,370483
2020-08-28,38236,38549,37870,38132,193669
2020-08-31,38340,39070,37766,38027,227626
2020-09-01,38027,38340,37766,38080,169894
2020-09-02,38340,38757,38079,38705,188000
2020-09-03,38809,39540,38340,39384,347067
2020-09-04,38340,42513,38079,41835,1311079
2020-09-07,43295,44182,41835,42461,1024171
2020-09-08,43035,43608,41522,41679,542162
2020-09-09,40948,42096,40635,41522,336765
2020-09-10,41783,41939,40739,41314,287084
2020-09-11,41209,41574,40844,41575,172833
2020-09-14,41783,41835,40948,41157,163129
2020-09-15,41157,41209,40479,40844,196939
2020-09-16,40792,41209,40218,40583,153446
2020-09-17,40218,40426,39174,39853,259598
2020-09-18,39696,40948,39227,40949,145352
2020-09-21,40687,40687,39592,39801,209456
2020-09-22,39696,39748,38131,38340,258914
2020-09-23,38705,39070,37401,38862,132107
2020-09-24,37870,38444,37349,37662,188374
2020-09-25,37662,38079,36984,37610,140099
2020-09-28,37714,38444,37714,38340,129571
2020-09-29,38444,39018,38288,38810,118705
2020-10-05,38705,39227,38496,39071,83792
2020-10-06,39383,39435,38914,39123,72326
2020-10-07,39070,39696,38653,39227,93887
2020-10-08,39383,39592,39227,39384,90688
2020-10-12,39592,40479,39227,40323,155919
2020-10-13,40426,40479,39800,40166,78050
2020-10-14,40166,40166,38966,39436,94807
2020-10-15,39435,39435,38288,38758,97706
2020-10-16,38809,38861,37975,38288,95300
2020-10-19,38340,38705,38079,38080,81737
2020-10-20,37818,38914,37297,38653,147840
2020-10-21,38705,39070,38131,38966,70490
2020-10-22,38914,39227,38444,38653,63017
2020-10-23,38653,38861,38131,38132,63466
2020-10-26,38236,38236,37453,37454,67397
2020-10-27,37140,37714,36514,36723,146077
2020-10-28,36723,37401,36723,37349,68360
2020-10-29,36879,37036,36566,37036,86572
2020-10-30,37088,37244,36201,36202,75376
2020-11-02,36305,37244,36305,37141,50807
2020-11-03,37244,37349,36671,36671,97955
2020-11-04,37036,37088,36462,36984,107419
2020-11-05,36931,37453,36879,37349,67480
2020-11-06,37453,37714,37192,37349,92120
2020-11-09,37662,37662,37297,37506,77767
2020-11-10,37192,37453,36931,37141,88464
2020-11-11,37192,37349,36671,36828,140970
2020-11-12,36931,37453,36879,37088,83144
2020-11-13,37505,38601,37505,38393,256663
2020-11-16,38601,38966,38183,38340,146539
2020-11-17,38340,38601,37818,37923,97192
2020-11-18,37923,38340,37610,37662,110224
2020-11-19,37662,38601,37244,37975,193859
2020-11-20,38027,38653,38027,38653,132550
2020-11-23,38966,39383,38236,39018,216583
2020-11-24,39018,39279,38392,38810,170582
2020-11-25,39070,39331,38027,38549,202225
2020-11-26,38705,38705,37818,38184,173281
2020-11-27,37975,38549,35523,37349,529247
2020-11-30,37714,38340,37453,38080,249714
2020-12-01,38079,38340,37557,37871,160360
2020-12-02,38027,38131,37505,37767,173701
2020-12-03,38131,38705,37923,38080,229004
2020-12-04,38288,38392,37297,37610,250203
2020-12-07,37714,38027,37662,37975,121713
2020-12-08,38027,38861,37975,38184,237694
2020-12-09,38340,38392,37870,38132,120289
2020-12-10,37870,38079,37505,37923,160451
2020-12-11,37870,38183,37818,38184,106380
2020-12-14,38236,38392,37923,38236,140996
2020-12-15,38340,38601,37818,38132,169831
2020-12-16,38131,38236,37818,38027,126943
2020-12-17,38183,38183,37610,37819,134848
2020-12-18,37766,38027,37610,37819,139131
2020-12-21,37870,38079,37714,37975,108451
2020-12-22,37975,37975,37557,37558,148822
2020-12-23,37505,37818,37088,37297,164154
2020-12-24,37401,37505,37088,37297,113598
2020-12-28,37297,38079,37036,37714,202349
2020-12-29,37714,38288,37714,38080,128990
2020-12-30,38236,39435,38131,38914,342533
2021-01-04,39174,39331,38392,38601,251596
2021-01-05,38392,38705,37923,38601,270613
2021-01-06,38705,39331,38549,38914,302950
2021-01-07,38966,39122,38601,38810,265821
2021-01-08,38861,40374,38809,39853,574508
2021-01-11,39905,40426,38705,39592,374227
2021-01-12,39592,39905,38966,39749,219656
2021-01-13,39905,40322,39540,39697,188466
2021-01-14,39696,40426,39696,39853,243336
2021-01-15,40270,40270,39279,39331,209879
2021-01-18,39018,39070,38079,38236,213355
2021-01-19,38236,38549,37870,38497,135322
2021-01-20,38444,38496,37401,37819,325211
2021-01-21,37557,37818,37192,37558,281278
2021-01-22,37714,38392,37401,37975,324814
2021-01-25,38288,38392,37975,38132,243955
2021-01-26,38131,38183,37297,37454,307524
2021-01-27,37453,37818,37349,37714,173331
2021-01-28,37192,37505,36931,37088,186517
2021-01-29,37140,37401,36201,36462,212709
2021-02-01,36462,37036,35940,36880,143563
2021-02-02,37453,37557,36775,36984,137858
2021-02-03,37297,37662,36879,37036,188087
2021-02-04,37140,37297,36775,36984,80479
2021-02-05,37401,37662,37036,37245,111783
2021-02-08,37453,37818,37244,37819,175526
2021-02-09,38079,38131,37557,37610,168307
2021-02-10,37610,37766,37088,37245,152487
2021-02-15,37662,37662,37192,37454,165527
2021-02-16,37453,37662,37244,37558,203931
2021-02-17,37662,38131,37349,38027,190556
2021-02-18,38183,38444,37714,37714,200919
2021-02-19,37870,38027,36827,37662,138637
2021-02-22,37714,37766,37088,37297,129109
2021-02-23,37349,37349,36723,36775,136744
2021-02-24,36879,37036,36045,36097,177963
2021-02-25,36358,36618,36097,36202,101990
2021-02-26,35732,36045,35523,36045,137732
2021-03-02,36514,36566,35836,36202,102711
2021-03-03,36201,36566,35888,36567,116286
2021-03-04,36514,36514,35940,35993,111898
2021-03-05,35836,35888,35471,35680,81114
2021-03-08,35732,36045,35471,35471,70810
2021-03-09,35471,35575,34688,35576,131122
2021-03-10,35680,35732,34897,35628,111936
2021-03-11,35575,35836,35262,35471,97558
2021-03-12,35992,36410,35575,36254,134289
2021-03-15,36514,37244,36410,36775,158821
2021-03-16,37036,37036,36671,36828,118600
2021-03-17,37036,37297,36723,37297,110360
2021-03-18,37505,37557,36879,36984,119251
2021-03-19,36775,37453,36671,37349,113299
2021-03-22,37453,37453,36984,37036,100555
2021-03-23,37036,37192,36775,36984,74427
2021-03-24,36931,37036,36514,37036,75376
2021-03-25,36879,37401,36618,37349,98614
2021-03-26,37349,37975,37244,37506,163046
2021-03-29,37610,37818,37401,37662,88100
2021-03-30,37766,37923,37505,37871,99931
2021-03-31,37870,37923,37505,37819,109714
2021-04-01,37870,37870,37244,37349,101387
2021-04-02,37349,37557,37349,37401,38822
2021-04-05,37505,37610,37297,37454,53936
2021-04-06,37453,37714,37401,37610,57620
2021-04-07,37610,38183,37401,37923,149909
2021-04-08,38079,38549,37818,38184,162448
2021-04-09,38340,38496,38027,38393,108315
2021-04-12,38496,38549,38079,38132,89972
2021-04-13,38183,38236,37766,38132,83466
2021-04-14,38131,38340,37036,37193,380101
2021-04-15,37297,37610,37036,37401,101617
2021-04-16,37610,38496,37401,38393,237462
2021-04-19,38496,38549,38131,38132,148053
2021-04-20,38236,38340,37766,38184,91119
2021-04-21,38131,38601,37870,38393,155993
2021-04-22,38444,38861,38392,38601,129147
2021-04-23,38340,38757,38079,38705,107176
2021-04-26,38809,38861,38392,38393,111326
2021-04-27,38601,38914,38340,38445,111689
2021-04-28,38496,38601,37766,37819,134542
2021-04-29,37714,38079,37349,37923,91408
2021-04-30,38079,38392,37870,38080,112910
2021-05-03,38079,38236,37557,37558,81014
2021-05-04,37557,37975,37036,37506,115042
2021-05-06,37766,37818,37349,37558,71055
2021-05-07,37714,37923,37453,37454,96220
2021-05-10,37610,37818,37453,37714,110776
2021-05-11,37610,37714,37297,37662,84338
2021-05-12,37714,37714,36879,37297,99462
2021-05-13,36879,37140,36618,36828,136307
2021-05-14,37923,38340,37662,37819,222172
2021-05-17,38027,38183,37766,37767,109382
2021-05-18,37766,37870,37297,37610,169093
2021-05-20,37505,37505,36931,37454,87398
2021-05-21,37557,37870,37140,37141,95417
2021-05-24,37140,37505,36775,37141,87856
2021-05-25,37192,37505,37088,37349,103731
2021-05-26,37297,37662,37088,37610,96046
2021-05-27,37610,37662,37349,37401,77494
2021-05-28,37557,37870,37297,37871,93272
2021-05-31,37975,38496,37870,38184,128166
2021-06-01,38496,39331,38340,38601,215324
2021-06-02,38601,39122,38444,39123,215117
2021-06-03,39227,39383,38809,39071,125162
2021-06-04,39070,39592,38809,39592,196046
2021-06-07,39853,39853,39174,39697,167498
2021-06-08,39644,39696,39331,39488,94037
2021-06-09,39331,39435,38966,38966,153024
2021-06-10,39122,40426,39070,39957,354156
2021-06-11,40218,40426,39800,39905,170856
2021-06-14,40322,40583,40166,40270,153586
2021-06-15,40322,40948,40009,40896,226098
2021-06-16,40948,41470,40687,41209,218514
2021-06-17,41105,41470,40322,41157,206856
2021-06-18,41157,41522,41000,41157,160428
2021-06-21,40844,40896,39696,39749,258036
2021-06-22,40322,40322,39957,40010,87555
2021-06-23,40061,41313,39957,40844,233676
2021-06-24,41730,43087,41678,42200,838166
2021-06-25,42409,42513,41418,42096,314199
2021-06-28,42096,43295,41783,42879,314933
2021-06-29,43139,43191,42409,42931,208102
2021-06-30,43035,43556,42513,43505,259830
2021-07-01,43556,44234,43295,43922,307167
2021-07-02,44130,44130,42617,42722,290890
2021-07-05,42513,43295,42200,42826,186148
2021-07-06,42878,43139,41835,42200,211382
2021-07-07,42200,43191,42200,42879,189674
2021-07-08,42878,43452,42043,42200,231304
2021-07-09,42304,42304,40687,41522,264784
2021-07-12,41678,42096,41261,41887,120191
2021-07-13,42252,42982,41939,42722,172039
2021-07-14,42304,43087,42200,42931,137803
2021-07-15,43035,43400,42565,43296,138648
2021-07-16,43295,43817,42774,43139,164388
2021-07-19,42878,43243,42513,42931,120779
2021-07-20,42252,42774,41730,41940,191602
2021-07-21,42252,42722,41887,42148,130568
2021-07-22,42513,42982,42148,42670,136152
2021-07-23,42722,43035,41835,41992,142777
2021-07-26,42096,42252,41470,41731,118927
2021-07-27,42148,42356,41522,41835,138100
2021-07-28,41678,41730,40792,40844,166305
2021-07-29,40844,41105,40374,40636,103898
2021-07-30,40948,40948,39800,40270,138378
2021-08-02,40218,40218,39383,39749,86830
2021-08-03,39748,40270,39174,39227,132529
2021-08-04,39435,40166,39122,40062,95536
2021-08-05,40061,40374,40009,40270,60032
2021-08-06,40166,40322,39905,40114,49368
2021-08-09,40061,40374,39540,40270,81346
2021-08-10,40270,40374,39644,39697,85159
2021-08-11,39696,40270,37714,38549,367361
2021-08-12,38549,38549,36618,37401,507632
2021-08-13,37557,37662,36566,36880,245958
2021-08-17,36879,37088,35680,35836,228870
2021-08-18,35732,36827,35471,36619,154694
2021-08-19,36358,36775,35888,35993,141587
2021-08-20,36097,36305,34897,34950,176153
2021-08-23,35471,36201,35262,35836,95900
2021-08-24,35888,36723,35888,36306,131712
2021-08-25,36566,36566,36149,36410,65584
2021-08-26,36618,36723,36097,36515,77351
2021-08-27,36514,36931,36149,36567,73658
2021-08-30,36618,37140,36566,36932,78543
2021-08-31,36984,37140,36671,36828,80734
2021-09-01,36879,37401,36879,37088,87149
2021-09-02,37088,37349,36775,37036,67489
2021-09-03,37036,37140,36671,36828,80550
2021-09-06,36879,37192,36671,36932,48516
2021-09-07,37036,37140,36410,36515,73637
2021-09-08,36566,36827,36410,36619,73965
2021-09-09,36462,36566,35471,35680,147311
2021-09-10,35680,36097,35419,35576,70319
2021-09-13,35314,35784,35314,35471,78844
2021-09-14,35523,36045,35262,35732,56530
2021-09-15,35732,35992,35575,35889,59566
2021-09-16,35940,36045,35471,35471,57153
2021-09-17,35471,37505,35158,37506,195586
2021-09-23,37088,37244,36566,36567,87175
2021-09-24,36618,36931,35888,35889,75618
2021-09-27,36097,37192,36045,37088,107845
2021-09-28,37244,37297,36358,36358,83617
2021-09-29,36097,36514,35836,36410,82368
2021-09-30,36462,37140,36462,36619,85880
2021-10-01,36566,36723,36097,36410,52512
2021-10-05,36149,36201,35054,35419,146370
2021-10-06,35210,36045,34949,35211,117603
2021-10-07,35210,36045,35210,35628,62237
2021-10-08,35888,36358,35680,35836,38233
2021-10-12,35627,35888,34480,35263,110308
2021-10-13,35262,36305,35158,36045,81601
2021-10-14,36358,37401,36201,36880,124633
2021-10-15,37714,37975,37401,37714,149840
2021-10-18,37818,38288,37401,38027,121684
2021-10-19,38340,38340,37923,38027,64188
2021-10-20,38131,38861,37923,37975,108088
2021-10-21,38079,38549,37975,38393,72886
2021-10-22,38601,39227,38392,38914,157015
2021-10-25,39331,39383,38653,38862,98766
2021-10-26,38914,39070,38549,38758,62400
2021-10-27,38861,38966,38079,38497,86248
2021-10-28,38496,39070,38079,38236,80075
2021-10-29,38236,43817,38079,41731,2555733
2021-11-01,42722,43608,41991,43452,1055014
2021-11-02,43556,43661,42096,43035,441792
2021-11-03,42304,43191,41835,42148,384449
2021-11-04,42200,42409,39748,40270,508368
2021-11-05,40479,40792,39905,40218,198642
2021-11-08,39957,41052,39592,40844,187924
2021-11-09,41157,46060,41052,45852,1930293
2021-11-10,46895,50077,46582,48617,2936866
2021-11-11,48355,49972,47625,48721,1463419
2021-11-12,48825,49399,45851,49295,860352
2021-11-15,48981,49451,46895,47469,536505
2021-11-16,46790,51902,46790,51851,1232856
2021-11-17,51276,52685,50598,51590,625847
2021-11-18,51381,52424,49659,51642,527562
2021-11-19,51016,51433,48877,49399,465281
2021-11-22,48251,49294,46425,48564,610547
2021-11-23,48251,49138,47208,48721,337752
2021-11-24,48616,49294,46582,47730,328105
2021-11-25,47886,49190,47103,47208,264333
2021-11-26,47729,48251,46164,46687,300600
2021-11-29,44860,47208,44808,46165,321691
2021-11-30,47208,48407,46269,47156,638792
2021-12-01,47990,48094,46112,46687,266610
2021-12-02,46425,47260,44652,45330,329493
2021-12-03,45486,47051,45486,46895,253258
2021-12-06,46425,46947,44652,44913,226236
2021-12-07,45017,45486,43713,44026,258588
2021-12-08,44860,47469,44652,46008,503574
2021-12-09,47416,50703,46947,50703,815175
2021-12-10,50233,51850,49816,50338,468237
2021-12-13,50650,50703,48355,49451,258891
2021-12-14,49451,49920,47625,48147,185052
2021-12-15,47781,48720,46425,46791,204859
2021-12-16,46999,47521,45904,46426,198778
2021-12-17,50963,52685,49086,49086,1552793
2021-12-20,48929,49033,47573,47938,379532
2021-12-21,48460,48825,47469,47938,242906
2021-12-22,48094,49972,47834,49190,308049
2021-12-23,49607,49972,48825,49190,179431
2021-12-24,49190,49451,48512,48617,193634
2021-12-27,46895,47364,43608,43818,841094
2021-12-28,43295,44808,42982,44600,519597
2021-12-29,45850,45850,43350,43850,285399
2021-12-30,44500,45000,43500,45000,103477
2022-01-03,45000,45050,43150,43450,164831
2022-01-04,43950,43950,42250,42750,144133
2022-01-05,42250,42550,40650,41600,134845
2022-01-06,40700,40900,40000,40450,119017
2022-01-07,40400,41000,40100,40450,72631
2022-01-10,40000,40200,39450,39700,93395
2022-01-11,39700,39950,39100,39400,71813
2022-01-12,40100,42900,39850,42900,255124
2022-01-13,42900,42900,41050,41350,112938
2022-01-14,40600,41000,40000,40500,67415
2022-01-17,40100,40800,40100,40550,46665
2022-01-18,40350,41150,39900,40450,62802
2022-01-19,39800,40050,39500,39500,81416
2022-01-20,38750,40000,38600,40000,90023
2022-01-21,39550,41800,39250,41600,129557
2022-01-24,39900,40100,36700,37050,419450
2022-01-25,36850,37100,34650,34650,329186
2022-01-26,34700,35250,33950,34600,211940
2022-01-27,34400,34850,32950,33400,236235
2022-01-28,33750,35100,33100,34050,171490
2022-02-03,34750,35700,34750,35700,179377
2022-02-04,35200,39250,35100,36950,391604
2022-02-07,37150,39100,36700,38300,206970
2022-02-08,38400,39450,37300,38300,218807
2022-02-09,38800,39050,37100,37650,197646
2022-02-10,37800,37950,35950,36200,196292
2022-02-11,35600,36200,34700,35500,206836
2022-02-14,34850,35000,34100,34100,96406
2022-02-15,34100,34650,33700,33700,123027
2022-02-16,34800,35400,34600,34900,103234
2022-02-17,35300,35300,34000,34400,130572
2022-02-18,34050,37000,33800,36000,215677
2022-02-21,36050,36050,34900,35600,72010
2022-02-22,35150,35300,34400,34800,76142
2022-02-23,35250,35250,34400,34700,83847
2022-02-24,34200,34600,33650,33750,115387
2022-02-25,34150,35900,34150,35500,104605
2022-02-28,35350,36150,34950,35500,70169
2022-03-02,35500,37600,34750,37600,136605
2022-03-03,37600,37750,36950,37150,76025
2022-03-04,36950,37000,35800,35800,94615
2022-03-07,36700,36700,35300,35300,103585
2022-03-08,34800,35750,34400,34800,94074
2022-03-10,35350,37000,35350,36400,146341
2022-03-11,36200,37750,36200,37700,126177
2022-03-14,37750,37750,36050,36500,130767
2022-03-15,36500,37100,35000,35000,167895
2022-03-16,35500,35850,35050,35750,76068
2022-03-17,36150,36950,36150,36400,112078
2022-03-18,36450,36650,35750,36650,85502
2022-03-21,36750,36800,35800,35950,78791
2022-03-22,35950,36600,35950,36500,61801
2022-03-23,36600,37500,36500,37000,105132
2022-03-24,36950,37150,36600,37000,58067
2022-03-25,37250,37550,36750,36800,59499
2022-03-28,37150,37300,36700,37000,36497
2022-03-29,37350,37350,36650,36900,63271
2022-03-30,37200,37900,36850,37400,118871
2022-03-31,37400,37800,36500,36850,107514
2022-04-01,36950,36950,36350,36800,50789
2022-04-04,37000,37300,36550,37100,61247
2022-04-05,37300,39600,37200,39000,298639
2022-04-06,38800,39200,38450,38850,84157
2022-04-07,38700,38800,37950,37950,82960
2022-04-08,38150,38250,36500,36650,138165
2022-04-11,36500,37450,36500,37250,74633
2022-04-12,36700,37600,36450,37050,82547
2022-04-13,37250,38950,36950,37000,66620
2022-04-14,37100,37750,37000,37000,83995
2022-04-15,36900,36900,35650,35850,219973
2022-04-18,36000,36300,35650,35650,65533
2022-04-19,35650,36500,35650,36400,59527
2022-04-20,36500,37300,36050,36900,93065
2022-04-21,36550,36800,35950,36000,95523
2022-04-22,35750,36000,35400,35800,57986
2022-04-25,35500,35650,35200,35200,62381
2022-04-26,35850,36100,35400,35600,62092
2022-04-27,34950,35350,34800,35100,87387
2022-04-28,35250,35750,34900,35200,67662
2022-04-29,35300,35800,35200,35200,56109
2022-05-02,34800,35650,34800,35650,61297
2022-05-03,35600,35800,35450,35500,32326
2022-05-04,35650,35700,34950,34950,30191
2022-05-06,34900,34900,34150,34550,67764
2022-05-09,34100,34600,33650,34250,62476
2022-05-10,33050,33400,31150,31200,350125
2022-05-11,31000,31250,30100,30450,207624
2022-05-12,30300,30550,29650,29650,146052
2022-05-13,29450,30250,29450,29950,83313
2022-05-16,30150,30600,29850,30150,92214
2022-05-17,30150,30600,30100,30100,81833
2022-05-18,30500,30650,29950,29950,89306
2022-05-19,29600,30500,28850,30050,138544
2022-05-20,30050,30200,29700,30050,105279
2022-05-23,30050,31450,30000,31100,96115
2022-05-24,31100,31750,31000,31100,95047
2022-05-25,31250,31550,30850,31250,85838
2022-05-26,31800,32400,31300,31700,139777
2022-05-27,32150,32200,31750,31800,77113
2022-05-30,32200,32400,32000,32200,61724
2022-05-31,32450,32450,31650,31750,82223
2022-06-02,31800,31900,30700,31450,109956
2022-06-03,31750,32400,31400,31900,52158
2022-06-07,32050,32150,31300,31600,46238
2022-06-08,31500,32000,31150,31700,47354
2022-06-09,31750,32100,31500,32000,51327
2022-06-10,31350,32300,31350,31850,50560
2022-06-13,31100,31250,30250,30650,66807
2022-06-14,29650,30200,29500,29800,88720
2022-06-15,29500,29700,28550,28700,99886
2022-06-16,28900,29500,28350,28350,96531
2022-06-17,27500,27900,27150,27400,230481
2022-06-20,27500,27500,25650,26750,265541
2022-06-21,27400,29550,27400,29400,335995
2022-06-22,29600,30050,28500,28500,212007
2022-06-23,28600,29050,27850,28200,146311
2022-06-24,28650,29000,28400,28850,164983
2022-06-27,29300,29300,28850,29000,121053
2022-06-28,29150,29650,28850,29500,82441
2022-06-29,29050,29950,28850,29950,85468
2022-06-30,29950,29950,27950,27950,221772
2022-07-01,28300,29250,28300,29050,123663
2022-07-04,29050,29100,28300,28350,91988
2022-07-05,28500,29600,28500,29550,50664
2022-07-06,29550,30050,28300,28600,159251
2022-07-07,28900,28900,26800,27000,403460
2022-07-08,27350,28300,26850,27650,352261
2022-07-11,27800,28500,27500,28350,157400
2022-07-12,28000,28500,27800,28200,114029
2022-07-13,28200,28200,26650,27500,163661
2022-07-14,28400,29600,27950,29250,264544
2022-07-15,28950,29300,28450,28450,99418
2022-07-18,28450,29500,28300,28600,108906
2022-07-19,28550,28600,27850,27950,59223
2022-07-20,28350,28850,27550,27650,88061
2022-07-21,27700,28350,27650,28150,55170
2022-07-22,28350,28700,28050,28050,41447
2022-07-25,28000,28100,27850,27950,25854
2022-07-26,27950,28100,27700,28050,20847
2022-07-27,28000,28200,27200,27400,118886
2022-07-28,27750,27950,27100,27150,96455
2022-07-29,27400,27600,27100,27300,65317
2022-08-01,27450,27650,27250,27450,50113
2022-08-02,27450,27700,26950,27250,60740
2022-08-03,27250,28050,27150,27800,61135
2022-08-04,28050,29250,28000,28900,136543
2022-08-05,28700,28800,28450,28700,55524
2022-08-08,28700,29000,28200,28650,56899
2022-08-09,29400,30200,28600,29150,204610
2022-08-10,29150,29400,28750,28800,116502
2022-08-11,29100,29950,29100,29900,135904
2022-08-12,29950,30000,29050,29250,92237
2022-08-16,29550,29650,29200,29350,50816
2022-08-17,29500,29650,28500,28650,80111
2022-08-18,28550,28700,27900,28350,71409
2022-08-19,28300,28650,27950,28050,59732
2022-08-22,27800,27800,26750,27000,118776
2022-08-23,26700,26700,26150,26200,135538
2022-08-24,26250,26400,25800,25900,98640
2022-08-25,25950,26400,25900,26200,47619
2022-08-26,26500,26500,25850,25850,75779
2022-08-29,25200,25350,24900,25050,89194
2022-08-30,25100,25550,25100,25450,41068
2022-08-31,25150,25650,25150,25350,59708
2022-09-01,25250,25300,24850,24900,41609
2022-09-02,25000,25400,24650,24800,48015
2022-09-05,24500,24800,24350,24500,35689
2022-09-06,24500,25000,24400,24450,37929
2022-09-07,24400,24550,23900,24000,62995
2022-09-08,24100,24250,24000,24000,34659
2022-09-13,24450,24500,24150,24300,85271
2022-09-14,23550,23800,23100,23100,174846
2022-09-15,23250,23300,22950,23100,88168
2022-09-16,22850,23050,22450,22700,107052
2022-09-19,22750,22900,22550,22850,56055
2022-09-20,22850,23750,22850,23700,69437
2022-09-21,23350,23500,22950,23250,46521
2022-09-22,22900,23550,22350,23400,78048
2022-09-23,23500,24000,23050,23350,74794
2022-09-26,23200,23300,21950,22000,88476
2022-09-27,22000,22750,22000,22600,74153
2022-09-28,22600,22750,21450,21950,128346
2022-09-29,22100,22600,21700,21750,56489
2022-09-30,21350,21900,21300,21500,93686
2022-10-04,21750,22300,21750,22100,49134
2022-10-05,22450,22450,21500,21750,96641
2022-10-06,21900,23800,21850,23500,134609
2022-10-07,23300,23400,22550,22800,60820
2022-10-11,22450,22500,21450,21500,70788
2022-10-12,21550,21700,20900,21150,82797
2022-10-13,21050,21200,20200,20300,98248
2022-10-14,20750,21850,20700,21500,69977
2022-10-17,22000,25400,22000,22700,486880
2022-10-18,23200,24150,23200,23800,143570
2022-10-19,23850,24150,22800,23000,93011
2022-10-20,22850,23150,22400,22700,50084
2022-10-21,22700,23100,22500,22800,44936
2022-10-24,23300,23800,23250,23600,78474
2022-10-25,23850,24150,23400,23600,36562
2022-10-26,23400,23700,23000,23000,40039
2022-10-27,23100,23450,22900,23250,24554
2022-10-28,23000,23400,22800,23150,21072
2022-10-31,23450,23650,22900,22950,33952
2022-11-01,23000,23400,22900,23200,31419
2022-11-02,23050,24300,23050,24150,68846
2022-11-03,23700,24200,23550,23700,28120
2022-11-04,23850,24100,23300,23550,31101
2022-11-07,23800,24100,23300,24100,21879
2022-11-08,23950,24400,23750,23900,74426
2022-11-09,24200,24200,23450,23500,66708
2022-11-10,23500,23550,23150,23500,21813
2022-11-11,24150,24900,23900,24700,116447
2022-11-14,24800,25150,24500,24750,72536
2022-11-15,24800,24950,24600,24700,29253
2022-11-16,24750,25150,24550,24750,42891
2022-11-17,24800,25100,24600,24850,31113
2022-11-18,24850,25300,24700,25000,46720
2022-11-21,25000,25100,23700,23700,73344
2022-11-22,23550,23850,23150,23250,28958
2022-11-23,23350,23850,23350,23650,32696
2022-11-24,23550,24700,23550,24400,51676
2022-11-25,24300,24650,24050,24500,23121
2022-11-28,24650,24750,24150,24400,37580
2022-11-29,24600,24600,24100,24450,17271
2022-11-30,24600,24950,24500,24700,31944
2022-12-01,25300,25300,24800,24800,63373
2022-12-02,25000,25000,24650,24850,22194
2022-12-05,24850,24950,24750,24900,21867
2022-12-06,24350,24900,24300,24700,27468
2022-12-07,24350,24700,23850,24400,26285
2022-12-08,24050,24700,23950,24350,27754
2022-12-09,24400,24850,24300,24750,44651
2022-12-12,24550,25500,24550,25300,61813
2022-12-13,25600,25600,24750,25200,42547
2022-12-14,25300,25450,25150,25350,23269
2022-12-15,25150,25350,25000,25200,16268
2022-12-16,24750,24900,24400,24900,45612
2022-12-19,24700,25150,24650,24800,24271
2022-12-20,24700,24750,24150,24550,29247
2022-12-21,24600,25350,24500,25100,37115
2022-12-22,25250,25250,24850,24900,25640
2022-12-23,24500,24600,23350,23350,99276
2022-12-26,23550,23700,23100,23700,70458
2022-12-27,23800,24650,23800,24600,108511
2022-12-28,24450,25350,24100,24900,92418
